0.000000000000000000e+00 0.000000000000000000e+00
6.849315068493150305e-03 3.225314564723522071e-02
1.369863013698630061e-02 1.251116083747575158e-01
2.054794520547945091e-02 2.734179759020323730e-01
2.739726027397260122e-02 4.725792109560731924e-01
3.424657534246575152e-02 7.184061168090594141e-01
4.109589041095890183e-02 1.007037593692757138e+00
4.794520547945205213e-02 1.334893262587518503e+00
5.479452054794520244e-02 1.698639860209970154e+00
6.164383561643835274e-02 2.095165573401665426e+00
6.849315068493150305e-02 2.521559463108320021e+00
7.534246575342465335e-02 2.975094398669651419e+00
8.219178082191780366e-02 3.453212546825647156e+00
8.904109589041095396e-02 3.953512798083833157e+00
9.589041095890410427e-02 4.473739710758176003e+00
1.027397260273972546e-01 5.011773675459052058e+00
1.095890410958904049e-01 5.565622082354975575e+00
1.164383561643835552e-01 6.133411327237565658e+00
1.232876712328767055e-01 6.713379529896571718e+00
1.301369863013698558e-01 7.303869865200061540e+00
1.369863013698630061e-01 7.903324427038814548e+00
1.438356164383561564e-01 8.510278560130801750e+00
1.506849315068493067e-01 9.123355606029065257e+00
1.575342465753424570e-01 9.741262018499359243e+00
1.643835616438356073e-01 1.036278281039626137e+01
1.712328767123287576e-01 1.098677729973451633e+01
1.780821917808219079e-01 1.161217512715835554e+01
1.849315068493150582e-01 1.223797252069911501e+01
1.917808219178082085e-01 1.286322878675867898e+01
1.986301369863013588e-01 1.348706300879793751e+01
2.054794520547945091e-01 1.410865093734692266e+01
2.123287671232876594e-01 1.472722205676521057e+01
2.191780821917808098e-01 1.534205681572770708e+01
2.260273972602739601e-01 1.595248400973992986e+01
2.328767123287671104e-01 1.655787830513606096e+01
2.397260273972602607e-01 1.715765789501221050e+01
2.465753424657534110e-01 1.775128227842076356e+01
2.534246575342465890e-01 1.833825015491915877e+01
2.602739726027397116e-01 1.891809742724370480e+01
2.671232876712328896e-01 1.949039530547954513e+01
2.739726027397260122e-01 2.005474850663218689e+01
2.808219178082191902e-01 2.061079354398379238e+01
2.876712328767123128e-01 2.115819710104526408e+01
2.945205479452054909e-01 2.169665448530082941e+01
3.013698630136986134e-01 2.222588815728924416e+01
3.082191780821917915e-01 2.274564633088088783e+01
3.150684931506849140e-01 2.325570164089549507e+01
3.219178082191780921e-01 2.375584987446580598e+01
3.287671232876712146e-01 2.424590876278977447e+01
3.356164383561643927e-01 2.472571683013102373e+01
3.424657534246575152e-01 2.519513229712675439e+01
3.493150684931506933e-01 2.565403203564492074e+01
3.561643835616438158e-01 2.610231057260140730e+01
3.630136986301369939e-01 2.653987914030301098e+01
3.698630136986301165e-01 2.696666477102580117e+01
3.767123287671232945e-01 2.738260943367151867e+01
3.835616438356164171e-01 2.778766921046777583e+01
3.904109589041095951e-01 2.818181351179244487e+01
3.972602739726027177e-01 2.856502432730913554e+01
4.041095890410958957e-01 2.893729551169986181e+01
4.109589041095890183e-01 2.929863210337339297e+01
4.178082191780821963e-01 2.964904967461454888e+01
4.246575342465753189e-01 2.998857371171987651e+01
4.315068493150684970e-01 3.031723902374161028e+01
4.383561643835616195e-01 3.063508917853180691e+01
4.452054794520547976e-01 3.094217596484578792e+01
4.520547945205479201e-01 3.123855887932600339e+01
4.589041095890410982e-01 3.152430463724627074e+01
4.657534246575342207e-01 3.179948670595172899e+01
4.726027397260273988e-01 3.206418485998157308e+01
4.794520547945205213e-01 3.231848475691081291e+01
4.863013698630136994e-01 3.256247753299371084e+01
4.931506849315068219e-01 3.279625941773477393e+01
5.000000000000000000e-01 3.301993136655489280e+01
5.068493150684931781e-01 3.323359871075889771e+01
5.136986301369863561e-01 3.343737082404776118e+01
5.205479452054794232e-01 3.363136080485376311e+01
5.273972602739726012e-01 3.381568517380971883e+01
5.342465753424657793e-01 3.399046358569495396e+01
5.410958904109589573e-01 3.415581855523040389e+01
5.479452054794520244e-01 3.431187519612332437e+01
5.547945205479452024e-01 3.445876097278907224e+01
5.616438356164383805e-01 3.459660546420268901e+01
5.684931506849315586e-01 3.472554013935721429e+01
5.753424657534246256e-01 3.484569814382900432e+01
5.821917808219178037e-01 3.495721409697150506e+01
5.890410958904109817e-01 3.506022389928051552e+01
5.958904109589041598e-01 3.515486454949321171e+01
6.027397260273972268e-01 3.524127397100264858e+01
6.095890410958904049e-01 3.531959084718659625e+01
6.164383561643835829e-01 3.538995446526777755e+01
6.232876712328767610e-01 3.545250456833812081e+01
6.301369863013698280e-01 3.550738121519537316e+01
6.369863013698630061e-01 3.555472464765592377e+01
6.438356164383561842e-01 3.559467516502078865e+01
6.506849315068493622e-01 3.562737300538644547e+01
6.575342465753424293e-01 3.565295823350421500e+01
6.643835616438356073e-01 3.567157063490490287e+01
6.712328767123287854e-01 3.568334961601688349e+01
6.780821917808219634e-01 3.568843411001735433e+01
6.849315068493150305e-01 3.568696248816699779e+01
6.917808219178082085e-01 3.567907247638891732e+01
6.986301369863013866e-01 3.566490107686271216e+01
7.054794520547945647e-01 3.564458449441331567e+01
7.123287671232876317e-01 3.561825806748423418e+01
7.191780821917808098e-01 3.558605620349280940e+01
7.260273972602739878e-01 3.554811231837376084e+01
7.328767123287671659e-01 3.550455878012500222e+01
7.397260273972602329e-01 3.545552685617748523e+01
7.465753424657534110e-01 3.540114666441814961e+01
7.534246575342465890e-01 3.534154712770195061e+01
7.602739726027397671e-01 3.527685593169558587e+01
7.671232876712328341e-01 3.520719948590210180e+01
7.739726027397260122e-01 3.513270288772174155e+01
7.808219178082191902e-01 3.505348988941008059e+01
7.876712328767123683e-01 3.496968286780027313e+01
7.945205479452054353e-01 3.488140279666188093e+01
8.013698630136986134e-01 3.478876922157358109e+01
8.082191780821917915e-01 3.469190023719205840e+01
8.150684931506849695e-01 3.459091246680492304e+01
8.219178082191780366e-01 3.448592104405875602e+01
8.287671232876712146e-01 3.437703959675914689e+01
8.356164383561643927e-01 3.426438023264285704e+01
8.424657534246575707e-01 3.414805352702695984e+01
8.493150684931506378e-01 3.402816851224316252e+01
8.561643835616438158e-01 3.390483266876972834e+01
8.630136986301369939e-01 3.377815191797663630e+01
8.698630136986301720e-01 3.364823061640347390e+01
8.767123287671232390e-01 3.351517155149230121e+01
8.835616438356164171e-01 3.337907593870171752e+01
8.904109589041095951e-01 3.324004341993040157e+01
8.972602739726027732e-01 3.309817206318241745e+01
9.041095890410958402e-01 3.295355836340842615e+01
9.109589041095890183e-01 3.280629724446046680e+01
9.178082191780821963e-01 3.265648206209986171e+01
9.246575342465753744e-01 3.250420460800091860e+01
9.315068493150684414e-01 3.234955511469509304e+01
9.383561643835616195e-01 3.219262226140270400e+01
9.452054794520547976e-01 3.203349318070161900e+01
9.520547945205479756e-01 3.187225346598422604e+01
9.589041095890410427e-01 3.170898717965643954e+01
9.657534246575342207e-01 3.154377686203392628e+01
9.726027397260273988e-01 3.137670354089307523e+01
9.794520547945205768e-01 3.120784674163588690e+01
9.863013698630136439e-01 3.103728449802967049e+01
9.931506849315068219e-01 3.086509336348418842e+01
1.000000000000000000e+00 3.069134842283042985e+01
1.006849315068493178e+00 3.051612330456674727e+01
1.013698630136986356e+00 3.033949019353977050e+01
1.020547945205479534e+00 3.016151984402850061e+01
1.027397260273972712e+00 2.998228159320197506e+01
1.034246575342465668e+00 2.980184337492160651e+01
1.041095890410958846e+00 2.962027173386099932e+01
1.047945205479452024e+00 2.943763183991708487e+01
1.054794520547945202e+00 2.925398750288752581e+01
1.061643835616438380e+00 2.906940118739075984e+01
1.068493150684931559e+00 2.888393402800568666e+01
1.075342465753424737e+00 2.869764584460945400e+01
1.082191780821917915e+00 2.851059515789259535e+01
1.089041095890410871e+00 2.832283920503173036e+01
1.095890410958904049e+00 2.813443395550097037e+01
1.102739726027397227e+00 2.794543412700431162e+01
1.109589041095890405e+00 2.775589320151147987e+01
1.116438356164383583e+00 2.756586344138143474e+01
1.123287671232876761e+00 2.737539590555763880e+01
1.130136986301369939e+00 2.718454046582070660e+01
1.136986301369863117e+00 2.699334582308400954e+01
1.143835616438356073e+00 2.680185952371939351e+01
1.150684931506849251e+00 2.661012797589986434e+01
1.157534246575342429e+00 2.641819646594764848e+01
1.164383561643835607e+00 2.622610917467589076e+01
1.171232876712328785e+00 2.603390919371347323e+01
1.178082191780821963e+00 2.584163854180239994e+01
1.184931506849315141e+00 2.564933818105844310e+01
1.191780821917808320e+00 2.545704803318540144e+01
1.198630136986301276e+00 2.526480699563470367e+01
1.205479452054794454e+00 2.507265295770189439e+01
1.212328767123287632e+00 2.488062281655248498e+01
1.219178082191780810e+00 2.468875249316957721e+01
1.226027397260273988e+00 2.449707694821666948e+01
1.232876712328767166e+00 2.430563019780910494e+01
1.239726027397260344e+00 2.411444532918794081e+01
1.246575342465753522e+00 2.392355451629064689e+01
1.253424657534246478e+00 2.373298903521343561e+01
1.260273972602739656e+00 2.354277927955987337e+01
1.267123287671232834e+00 2.335295477567134981e+01
1.273972602739726012e+00 2.316354419773509221e+01
1.280821917808219190e+00 2.297457538276532674e+01
1.287671232876712368e+00 2.278607534545425750e+01
1.294520547945205546e+00 2.259807029288902669e+01
1.301369863013698724e+00 2.241058563913156476e+01
1.308219178082191680e+00 2.222364601965831454e+01
1.315068493150684859e+00 2.203727530565720372e+01
1.321917808219178037e+00 2.185149661817898803e+01
1.328767123287671215e+00 2.166633234214134873e+01
1.335616438356164393e+00 2.148180414018289142e+01
1.342465753424657571e+00 2.129793296636576372e+01
1.349315068493150749e+00 2.111473907972483843e+01
1.356164383561643927e+00 2.093224205766224699e+01
1.363013698630136883e+00 2.075046080918571434e+01
1.369863013698630061e+00 2.056941358798965425e+01
1.376712328767123239e+00 2.038911800537801966e+01
1.383561643835616417e+00 2.020959104302797371e+01
1.390410958904109595e+00 2.003084906559381650e+01
1.397260273972602773e+00 1.985290783315055663e+01
1.404109589041095951e+00 1.967578251347656604e+01
1.410958904109589129e+00 1.949948769417527217e+01
1.417808219178082085e+00 1.932403739463546799e+01
1.424657534246575263e+00 1.914944507783021876e+01
1.431506849315068441e+00 1.897572366195455729e+01
1.438356164383561620e+00 1.880288553190184686e+01
1.445205479452054798e+00 1.863094255057924187e+01
1.452054794520547976e+00 1.845990607006251594e+01
1.458904109589041154e+00 1.828978694259062721e+01
1.465753424657534332e+00 1.812059553140052870e+01
1.472602739726027288e+00 1.795234172140291307e+01
1.479452054794520466e+00 1.778503492969923627e+01
1.486301369863013644e+00 1.761868411594121397e+01
1.493150684931506822e+00 1.745329779253301083e+01
1.500000000000000000e+00 1.728888403467744794e+01
1.506849315068493178e+00 1.712545049026676480e+01
1.513698630136986356e+00 1.696300438961925749e+01
1.520547945205479534e+00 1.680155255506238632e+01
1.527397260273972712e+00 1.664110141036373847e+01
1.534246575342465668e+00 1.648165699001075524e+01
1.541095890410958846e+00 1.632322494834057380e+01
1.547945205479452024e+00 1.616581056852079712e+01
1.554794520547945202e+00 1.600941877138288660e+01
1.561643835616438380e+00 1.585405412410902493e+01
1.568493150684931559e+00 1.569972084877390017e+01
1.575342465753424737e+00 1.554642283074286624e+01
1.582191780821917915e+00 1.539416362692744755e+01
1.589041095890410871e+00 1.524294647389997515e+01
1.595890410958904049e+00 1.509277429586846431e+01
1.602739726027397227e+00 1.494364971251323482e+01
1.609589041095890405e+00 1.479557504668666468e+01
1.616438356164383583e+00 1.464855233197764051e+01
1.623287671232876761e+00 1.450258332014197471e+01
1.630136986301369939e+00 1.435766948840048940e+01
1.636986301369863117e+00 1.421381204660595898e+01
1.643835616438356073e+00 1.407101194428075175e+01
1.650684931506849251e+00 1.392926987752645296e+01
1.657534246575342429e+00 1.378858629580698292e+01
1.664383561643835607e+00 1.364896140860684781e+01
1.671232876712328785e+00 1.351039519196599237e+01
1.678082191780821963e+00 1.337288739489273581e+01
1.684931506849315141e+00 1.323643754565642361e+01
1.691780821917808320e+00 1.310104495796120361e+01
1.698630136986301276e+00 1.296670873700264437e+01
1.705479452054794454e+00 1.283342778540847640e+01
1.712328767123287632e+00 1.270120080906528059e+01
1.719178082191780810e+00 1.257002632283239052e+01
1.726027397260273988e+00 1.243990265614476876e+01
1.732876712328767166e+00 1.231082795850617018e+01
1.739726027397260344e+00 1.218280020487426363e+01
1.746575342465753522e+00 1.205581720093918818e+01
1.753424657534246478e+00 1.192987658829704678e+01
1.760273972602739656e+00 1.180497584951978673e+01
1.767123287671232834e+00 1.168111231312312093e+01
1.773972602739726012e+00 1.155828315843372067e+01
1.780821917808219190e+00 1.143648542035751881e+01
1.787671232876712368e+00 1.131571599405018702e+01
1.794520547945205546e+00 1.119597163949158514e+01
1.801369863013698724e+00 1.107724898596548435e+01
1.808219178082191680e+00 1.095954453644597848e+01
1.815068493150684859e+00 1.084285467189212859e+01
1.821917808219178037e+00 1.072717565545216445e+01
1.828767123287671215e+00 1.061250363657872775e+01
1.835616438356164393e+00 1.049883465505643265e+01
1.842465753424657571e+00 1.038616464494337599e+01
1.849315068493150749e+00 1.027448943842762041e+01
1.856164383561643927e+00 1.016380476960037704e+01
1.863013698630136883e+00 1.005410627814696412e+01
1.869863013698630061e+00 9.945389512957047984e+00
1.876712328767123239e+00 9.837649935655388589e+00
1.883561643835616417e+00 9.730882924054494509e+00
1.890410958904109595e+00 9.625083775530324459e+00
1.897260273972602773e+00 9.520247710322591317e+00
1.904109589041095951e+00 9.416369874760643910e+00
1.910958904109589129e+00 9.313445344416400928e+00
1.917808219178082085e+00 9.211469127185440087e+00
1.924657534246575263e+00 9.110436166297585459e+00
1.931506849315068441e+00 9.010341343258119196e+00
1.938356164383561620e+00 8.911179480720905488e+00
1.945205479452054798e+00 8.812945345294522781e+00
1.952054794520547976e+00 8.715633650282629930e+00
1.958904109589041154e+00 8.619239058359733363e+00
1.965753424657534332e+00 8.523756184183492124e+00
1.972602739726027288e+00 8.429179596944686992e+00
1.979452054794520466e+00 8.335503822855939049e+00
1.986301369863013644e+00 8.242723347580360738e+00
1.993150684931506822e+00 8.150832618601135948e+00
2.000000000000000000e+00 8.059826047533212190e+00
2.006849315068492956e+00 7.969698012378021446e+00
2.013698630136986356e+00 7.880442859722418092e+00
2.020547945205479312e+00 7.792054906882802889e+00
2.027397260273972712e+00 7.704528443995395826e+00
2.034246575342465668e+00 7.617857736053798234e+00
2.041095890410959068e+00 7.532037024894705723e+00
2.047945205479452024e+00 7.447060531132838612e+00
2.054794520547945424e+00 7.362922456045941644e+00
2.061643835616438380e+00 7.279616983410973852e+00
2.068493150684931337e+00 7.197138281292259521e+00
2.075342465753424737e+00 7.115480503782563915e+00
2.082191780821917693e+00 7.034637792698144487e+00
2.089041095890411093e+00 6.954604279228394859e+00
2.095890410958904049e+00 6.875374085541239744e+00
2.102739726027397449e+00 6.796941326344995815e+00
2.109589041095890405e+00 6.719300110407585791e+00
2.116438356164383361e+00 6.642444542033945964e+00
2.123287671232876761e+00 6.566368722502486932e+00
2.130136986301369717e+00 6.491066751461393558e+00
2.136986301369863117e+00 6.416532728285563536e+00
2.143835616438356073e+00 6.342760753395016771e+00
2.150684931506849473e+00 6.269744929535488787e+00
2.157534246575342429e+00 6.197479363022078580e+00
2.164383561643835829e+00 6.125958164946541551e+00
2.171232876712328785e+00 6.055175452349191190e+00
2.178082191780821741e+00 5.985125349355927327e+00
2.184931506849315141e+00 5.915801988281236490e+00
2.191780821917808098e+00 5.847199510697862479e+00
2.198630136986301498e+00 5.779312068473753783e+00
2.205479452054794454e+00 5.712133824777128055e+00
2.212328767123287854e+00 5.645658955050129713e+00
2.219178082191780810e+00 5.579881647951944856e+00
2.226027397260273766e+00 5.514796106271878884e+00
2.232876712328767166e+00 5.450396547813083359e+00
2.239726027397260122e+00 5.386677206247592054e+00
2.246575342465753522e+00 5.323632331943231044e+00
2.253424657534246478e+00 5.261256192763042350e+00
2.260273972602739878e+00 5.199543074837825962e+00
2.267123287671232834e+00 5.138487283312366039e+00
2.273972602739726234e+00 5.078083143065912353e+00
2.280821917808219190e+00 5.018324999407509424e+00
2.287671232876712146e+00 4.959207218746740864e+00
2.294520547945205546e+00 4.900724189240349027e+00
2.301369863013698502e+00 4.842870321415436941e+00
2.308219178082191902e+00 4.785640048769545629e+00
2.315068493150684859e+00 4.729027828348398188e+00
2.321917808219178259e+00 4.673028141301531768e+00
2.328767123287671215e+00 4.617635493416605286e+00
2.335616438356164171e+00 4.562844415632614670e+00
2.342465753424657571e+00 4.508649464532693329e+00
2.349315068493150527e+00 4.455045222816861106e+00
2.356164383561643927e+00 4.402026299755216421e+00
2.363013698630136883e+00 4.349587331622074338e+00
2.369863013698630283e+00 4.297722982111380929e+00
2.376712328767123239e+00 4.246427942733983940e+00
2.383561643835616639e+00 4.195696933197095468e+00
2.390410958904109595e+00 4.145524701766416520e+00
2.397260273972602551e+00 4.095906025611294687e+00
2.404109589041095951e+00 4.046835711133379476e+00
2.410958904109588907e+00 3.998308594279140316e+00
2.417808219178082307e+00 3.950319540836640275e+00
2.424657534246575263e+00 3.902863446716951845e+00
2.431506849315068663e+00 3.855935238220605132e+00
2.438356164383561620e+00 3.809529872289442398e+00
2.445205479452054576e+00 3.763642336744205341e+00
2.452054794520547976e+00 3.718267650508239708e+00
2.458904109589040932e+00 3.673400863817704032e+00
2.465753424657534332e+00 3.629037058418510764e+00
2.472602739726027288e+00 3.585171347750498061e+00
2.479452054794520688e+00 3.541798877118993438e+00
2.486301369863013644e+00 3.498914823854210265e+00
2.493150684931507044e+00 3.456514397458758658e+00
2.500000000000000000e+00 3.414592839743579855e+00
2.506849315068492956e+00 3.373145424952559424e+00
2.513698630136986356e+00 3.332167459876229643e+00
2.520547945205479312e+00 3.291654283954743576e+00
2.527397260273972712e+00 3.251601269370448577e+00
2.534246575342465668e+00 3.212003821130380743e+00
2.541095890410959068e+00 3.172857377138857071e+00
2.547945205479452024e+00 3.134157408260542343e+00
2.554794520547945424e+00 3.095899418374167933e+00
2.561643835616438380e+00 3.058078944417233824e+00
2.568493150684931337e+00 3.020691556421860380e+00
2.575342465753424737e+00 2.983732857542131800e+00
2.582191780821917693e+00 2.947198484073109803e+00
2.589041095890411093e+00 2.911084105461756888e+00
2.595890410958904049e+00 2.875385424310057392e+00
2.602739726027397449e+00 2.840098176370485117e+00
2.609589041095890405e+00 2.805218130534106624e+00
2.616438356164383361e+00 2.770741088811481845e+00
2.623287671232876761e+00 2.736662886306648890e+00
2.630136986301369717e+00 2.702979391184306746e+00
2.636986301369863117e+00 2.669686504630495172e+00
2.643835616438356073e+00 2.636780160806901030e+00
2.650684931506849473e+00 2.604256326799013976e+00
2.657534246575342429e+00 2.572111002558346460e+00
2.664383561643835829e+00 2.540340220838837038e+00
2.671232876712328785e+00 2.508940047127722561e+00
2.678082191780821741e+00 2.477906579570938295e+00
2.684931506849315141e+00 2.447235948893332846e+00
2.691780821917808098e+00 2.416924318313792952e+00
2.698630136986301498e+00 2.386967883455475725e+00
2.705479452054794454e+00 2.357362872251316244e+00
2.712328767123287854e+00 2.328105544844953467e+00
2.719178082191780810e+00 2.299192193487248570e+00
2.726027397260273766e+00 2.270619142428533355e+00
2.732876712328767166e+00 2.242382747806747290e+00
2.739726027397260122e+00 2.214479397531625260e+00
2.746575342465753522e+00 2.186905511165022631e+00
2.753424657534246478e+00 2.159657539797598336e+00
2.760273972602739878e+00 2.132731965921914608e+00
2.767123287671232834e+00 2.106125303302154972e+00
2.773972602739726234e+00 2.079834096840522673e+00
2.780821917808219190e+00 2.053854922440510489e+00
2.787671232876712146e+00 2.028184386867125433e+00
2.794520547945205546e+00 2.002819127604190896e+00
2.801369863013698502e+00 1.977755812708881455e+00
2.808219178082191902e+00 1.952991140663547398e+00
2.815068493150684859e+00 1.928521840224999506e+00
2.821917808219178259e+00 1.904344670271315598e+00
2.828767123287671215e+00 1.880456419646327371e+00
2.835616438356164171e+00 1.856853907001834392e+00
2.842465753424657571e+00 1.833533980637686911e+00
2.849315068493150527e+00 1.810493518339848062e+00
2.856164383561643927e+00 1.787729427216468103e+00
2.863013698630136883e+00 1.765238643532160978e+00
2.869863013698630283e+00 1.743018132540480547e+00
2.876712328767123239e+00 1.721064888314756125e+00
2.883561643835616639e+00 1.699375933577334852e+00
2.890410958904109595e+00 1.677948319527353238e+00
2.897260273972602551e+00 1.656779125667068975e+00
2.904109589041095951e+00 1.635865459626885343e+00
2.910958904109588907e+00 1.615204456989136839e+00
2.917808219178082307e+00 1.594793281110673311e+00
2.924657534246575263e+00 1.574629122944369852e+00
2.931506849315068663e+00 1.554709200859622387e+00
2.938356164383561620e+00 1.535030760461873145e+00
2.945205479452054576e+00 1.515591074411267947e+00
2.952054794520547976e+00 1.496387442240480814e+00
2.958904109589040932e+00 1.477417190171836703e+00
2.965753424657534332e+00 1.458677670933689718e+00
2.972602739726027288e+00 1.440166263576242001e+00
2.979452054794520688e+00 1.421880373286742438e+00
2.986301369863013644e+00 1.403817431204248178e+00
2.993150684931507044e+00 1.385974894233878763e+00
3.000000000000000000e+00 1.368350244860741416e+00
3.006849315068492956e+00 1.350940990963481081e+00
3.013698630136986356e+00 1.333744665627567105e+00
3.020547945205479312e+00 1.316758826958356332e+00
3.027397260273972712e+00 1.299981057893963676e+00
3.034246575342465668e+00 1.283408966018012576e+00
3.041095890410959068e+00 1.267040183372293516e+00
3.047945205479452024e+00 1.250872366269396352e+00
3.054794520547945424e+00 1.234903195105333307e+00
3.061643835616438380e+00 1.219130374172223696e+00
3.068493150684931337e+00 1.203551631471067918e+00
3.075342465753424737e+00 1.188164718524638008e+00
3.082191780821917693e+00 1.172967410190576265e+00
3.089041095890411093e+00 1.157957504474646182e+00
3.095890410958904049e+00 1.143132822344284927e+00
3.102739726027397449e+00 1.128491207542401176e+00
3.109589041095890405e+00 1.114030526401501575e+00
3.116438356164383361e+00 1.099748667658166923e+00
3.123287671232876761e+00 1.085643542267906048e+00
3.130136986301369717e+00 1.071713083220429352e+00
3.136986301369863117e+00 1.057955245355351792e+00
3.143835616438356073e+00 1.044368005178392789e+00
3.150684931506849473e+00 1.030949360678049098e+00
3.157534246575342429e+00 1.017697331142818795e+00
3.164383561643835829e+00 1.004609956978965268e+00
3.171232876712328785e+00 9.916852995288765182e-01
3.178082191780821741e+00 9.789214408900104303e-01
3.184931506849315141e+00 9.663164837344871971e-01
3.191780821917808098e+00 9.538685511293242270e-01
3.198630136986301498e+00 9.415757863573508413e-01
3.205479452054794454e+00 9.294363527388046498e-01
3.212328767123287854e+00 9.174484334536613384e-01
3.219178082191780810e+00 9.056102313646955393e-01
3.226027397260273766e+00 8.939199688412857725e-01
3.232876712328767166e+00 8.823758875840009841e-01
3.239726027397260122e+00 8.709762484499804502e-01
3.246575342465753522e+00 8.597193312791060471e-01
3.253424657534246478e+00 8.486034347210245077e-01
3.260273972602739878e+00 8.376268760629724808e-01
3.267123287671232834e+00 8.267879910584856606e-01
3.273972602739726234e+00 8.160851337569587916e-01
3.280821917808219190e+00 8.055166763340966263e-01
3.287671232876712146e+00 7.950810089232445144e-01
3.294520547945205546e+00 7.847765394476453604e-01
3.301369863013698502e+00 7.746016934535957521e-01
3.308219178082191902e+00 7.645549139445425579e-01
3.315068493150684859e+00 7.546346612161155543e-01
3.321917808219178259e+00 7.448394126921078495e-01
3.328767123287671215e+00 7.351676627614253112e-01
3.335616438356164171e+00 7.256179226159885642e-01
3.342465753424657571e+00 7.161887200896281946e-01
3.349315068493150527e+00 7.068785994979556175e-01
3.356164383561643927e+00 6.976861214792270394e-01
3.363013698630136883e+00 6.886098628362136154e-01
3.369863013698630283e+00 6.796484163790734723e-01
3.376712328767123239e+00 6.708003907692359213e-01
3.383561643835616639e+00 6.620644103643059664e-01
3.390410958904109595e+00 6.534391150639973223e-01
3.397260273972602551e+00 6.449231601570866168e-01
3.404109589041095951e+00 6.365152161694033195e-01
3.410958904109588907e+00 6.282139687128719396e-01
3.417808219178082307e+00 6.200181183355678582e-01
3.424657534246575263e+00 6.119263803728515194e-01
3.431506849315068663e+00 6.039374847995252482e-01
3.438356164383561620e+00 5.960501760830562157e-01
3.445205479452054576e+00 5.882632130378507851e-01
3.452054794520547976e+00 5.805753686805774638e-01
3.458904109589040932e+00 5.729854300865653283e-01
3.465753424657534332e+00 5.654921982472442821e-01
3.472602739726027288e+00 5.580944879286562355e-01
3.479452054794520688e+00 5.507911275310268806e-01
3.486301369863013644e+00 5.435809589493989513e-01
3.493150684931507044e+00 5.364628374353310747e-01
3.500000000000000000e+00 5.294356314596606605e-01
