0.000000000000000000e+00 0.000000000000000000e+00
6.849315068493150305e-03 1.820376522134203867e-02
1.369863013698630061e-02 7.065618354067085272e-02
2.054794520547945091e-02 1.544067292550193871e-01
2.739726027397260122e-02 2.667675527439741234e-01
3.424657534246575152e-02 4.052556975820401641e-01
4.109589041095890183e-02 5.675636098562615306e-01
4.794520547945205213e-02 7.515394593040606308e-01
5.479452054794520244e-02 9.551723722752110124e-01
6.164383561643835274e-02 1.176580584780875238e+00
6.849315068493150305e-02 1.414001526989310475e+00
7.534246575342465335e-02 1.665783282814862432e+00
8.219178082191780366e-02 1.930377082661635102e+00
8.904109589041095396e-02 2.206330604817952512e+00
9.589041095890410427e-02 2.492281930292774561e+00
1.027397260273972546e-01 2.786954039235219227e+00
1.095890410958904049e-01 3.089149765510166734e+00
1.164383561643835552e-01 3.397747145394824475e+00
1.232876712328767055e-01 3.711695110031447697e+00
1.301369863013698558e-01 4.030009481184868569e+00
1.369863013698630061e-01 4.351769237221130737e+00
1.438356164383561564e-01 4.676113021818162352e+00
1.506849315068493067e-01 5.002235872249295667e+00
1.575342465753424570e-01 5.329386147488823333e+00
1.643835616438356073e-01 5.656862639112672397e+00
1.712328767123287576e-01 5.984011850174393743e+00
1.780821917808219079e-01 6.310225429047108925e+00
1.849315068493150582e-01 6.634937746724210328e+00
1.917808219178082085e-01 6.957623607330607030e+00
1.986301369863013588e-01 7.277796082661669885e+00
2.054794520547945091e-01 7.595004462476272700e+00
2.123287671232876594e-01 7.908832313052467811e+00
2.191780821917808098e-01 8.218895637192167314e+00
2.260273972602739601e-01 8.524841129452488175e+00
2.328767123287671104e-01 8.826344520900555324e+00
2.397260273972602607e-01 9.123109008146837340e+00
2.465753424657534110e-01 9.414863761818939025e+00
2.534246575342465890e-01 9.701362510000624439e+00
2.602739726027397116e-01 9.982382192486042527e+00
2.671232876712328896e-01 1.025772168199178758e+01
2.739726027397260122e-01 1.052720056873374865e+01
2.808219178082191902e-01 1.079065800501550854e+01
2.876712328767123128e-01 1.104795160669313603e+01
2.945205479452054909e-01 1.129895640858040196e+01
3.013698630136986134e-01 1.154356387104064829e+01
3.082191780821917915e-01 1.178168093517893489e+01
3.150684931506849140e-01 1.201322912420206457e+01
3.219178082191780921e-01 1.223814368865630087e+01
3.287671232876712146e-01 1.245637279338376757e+01
3.356164383561643927e-01 1.266787674416053733e+01
3.424657534246575152e-01 1.287262725209221514e+01
3.493150684931506933e-01 1.307060673394814998e+01
3.561643835616438158e-01 1.326180764671325285e+01
3.630136986301369939e-01 1.344623185472793381e+01
3.698630136986301165e-01 1.362389002787206493e+01
3.767123287671232945e-01 1.379480106932883920e+01
3.835616438356164171e-01 1.395899157153950121e+01
3.904109589041095951e-01 1.411649529903015221e+01
3.972602739726027177e-01 1.426735269685796581e+01
4.041095890410958957e-01 1.441161042348643662e+01
4.109589041095890183e-01 1.454932090695768387e+01
4.178082191780821963e-01 1.468054192328507668e+01
4.246575342465753189e-01 1.480533619604160123e+01
4.315068493150684970e-01 1.492377101616835944e+01
4.383561643835616195e-01 1.503591788107421579e+01
4.452054794520547976e-01 1.514185215214144620e+01
4.520547945205479201e-01 1.524165272979387531e+01
4.589041095890410982e-01 1.533540174532329381e+01
4.657534246575342207e-01 1.542318426870741632e+01
4.726027397260273988e-01 1.550508803168785477e+01
4.794520547945205213e-01 1.558120316541033290e+01
4.863013698630136994e-01 1.565162195196115391e+01
4.931506849315068219e-01 1.571643858916425529e+01
5.000000000000000000e-01 1.577574896803202620e+01
5.068493150684931781e-01 1.582965046229030470e+01
5.136986301369863561e-01 1.587824172942423040e+01
5.205479452054794232e-01 1.592162252271614875e+01
5.273972602739726012e-01 1.595989351377062881e+01
5.342465753424657793e-01 1.599315612504391027e+01
5.410958904109589573e-01 1.602151237191663924e+01
5.479452054794520244e-01 1.604506471386917354e+01
5.547945205479452024e-01 1.606391591433811783e+01
5.616438356164383805e-01 1.607816890885131400e+01
5.684931506849315586e-01 1.608792668105639123e+01
5.753424657534246256e-01 1.609329214627465987e+01
5.821917808219178037e-01 1.609436804222830730e+01
5.890410958904109817e-01 1.609125682660454615e+01
5.958904109589041598e-01 1.608406058113450499e+01
6.027397260273972268e-01 1.607288092187942041e+01
6.095890410958904049e-01 1.605781891542939377e+01
6.164383561643835829e-01 1.603897500073344062e+01
6.232876712328767610e-01 1.601644891629138812e+01
6.301369863013698280e-01 1.599033963245016565e+01
6.369863013698630061e-01 1.596074528855796260e+01
6.438356164383561842e-01 1.592776313474097449e+01
6.506849315068493622e-01 1.589148947807697887e+01
6.575342465753424293e-01 1.585201963295058825e+01
6.643835616438356073e-01 1.580944787538366292e+01
6.712328767123287854e-01 1.576386740114402585e+01
6.780821917808219634e-01 1.571537028744377906e+01
6.849315068493150305e-01 1.566404745804678811e+01
6.917808219178082085e-01 1.560998865161318072e+01
6.986301369863013866e-01 1.555328239311554128e+01
7.054794520547945647e-01 1.549401596816956150e+01
7.123287671232876317e-01 1.543227540012794208e+01
7.191780821917808098e-01 1.536814542979377052e+01
7.260273972602739878e-01 1.530170949761530075e+01
7.328767123287671659e-01 1.523304972823056147e+01
7.397260273972602329e-01 1.516224691723577678e+01
7.465753424657534110e-01 1.508938052005741426e+01
7.534246575342465890e-01 1.501452864281257327e+01
7.602739726027397671e-01 1.493776803504820805e+01
7.671232876712328341e-01 1.485917408425382114e+01
7.739726027397260122e-01 1.477882081204762699e+01
7.808219178082191902e-01 1.469678087194020222e+01
7.876712328767123683e-01 1.461312554858416490e+01
7.945205479452054353e-01 1.452792475842266917e+01
8.013698630136986134e-01 1.444124705165302025e+01
8.082191780821917915e-01 1.435315961542607432e+01
8.150684931506849695e-01 1.426372827820526901e+01
8.219178082191780366e-01 1.417301751521282682e+01
8.287671232876712146e-01 1.408109045489389288e+01
8.356164383561643927e-01 1.398800888633274830e+01
8.424657534246575707e-01 1.389383326755803871e+01
8.493150684931506378e-01 1.379862273467707823e+01
8.561643835616438158e-01 1.370243511178206042e+01
8.630136986301369939e-01 1.360532692157362611e+01
8.698630136986301720e-01 1.350735339664986689e+01
8.767123287671232390e-01 1.340856849141145446e+01
8.835616438356164171e-01 1.330902489453550963e+01
8.904109589041095951e-01 1.320877404197374361e+01
8.972602739726027732e-01 1.310786613043189597e+01
9.041095890410958402e-01 1.300635013129012485e+01
9.109589041095890183e-01 1.290427380492563358e+01
9.178082191780821963e-01 1.280168371540091066e+01
9.246575342465753744e-01 1.269862524548270422e+01
9.315068493150684414e-01 1.259514261195859497e+01
9.383561643835616195e-01 1.249127888121980590e+01
9.452054794520547976e-01 1.238707598508032426e+01
9.520547945205479756e-01 1.228257473680411493e+01
9.589041095890410427e-01 1.217781484731350794e+01
9.657534246575342207e-01 1.207283494155340442e+01
9.726027397260273988e-01 1.196767257498712134e+01
9.794520547945205768e-01 1.186236425020122631e+01
9.863013698630136439e-01 1.175694543359754896e+01
9.931506849315068219e-01 1.165145057215224256e+01
1.000000000000000000e+00 1.154591311022240063e+01
1.006849315068493178e+00 1.144036550638216987e+01
1.013698630136986356e+00 1.133483925027113948e+01
1.020547945205479534e+00 1.122936487943878703e+01
1.027397260273972712e+00 1.112397199616984267e+01
1.034246575342465668e+00 1.101868928427608907e+01
1.041095890410958846e+00 1.091354452584124779e+01
1.047945205479452024e+00 1.080856461790617828e+01
1.054794520547945202e+00 1.070377558908251991e+01
1.061643835616438380e+00 1.059920261608374226e+01
1.068493150684931559e+00 1.049487004016303082e+01
1.075342465753424737e+00 1.039080138344837501e+01
1.082191780821917915e+00 1.028701936516569582e+01
1.089041095890410871e+00 1.018354591774167339e+01
1.095890410958904049e+00 1.008040220277819543e+01
1.102739726027397227e+00 9.977608626891305121e+00
1.109589041095890405e+00 9.875184857407733219e+00
1.116438356164383583e+00 9.773149837912885829e+00
1.123287671232876761e+00 9.671521803644365534e+00
1.130136986301369939e+00 9.570318296725830010e+00
1.136986301369863117e+00 9.469556181236319148e+00
1.143835616438356073e+00 9.369251658110526293e+00
1.150684931506849251e+00 9.269420279866031009e+00
1.157534246575342429e+00 9.170076965153871384e+00
1.164383561643835607e+00 9.071236013129073683e+00
1.171232876712328785e+00 8.972911117638233236e+00
1.178082191780821963e+00 8.875115381221569066e+00
1.184931506849315141e+00 8.777861328927004436e+00
1.191780821917808320e+00 8.681160921934431229e+00
1.198630136986301276e+00 8.585025570988262800e+00
1.205479452054794454e+00 8.489466149636939463e+00
1.212328767123287632e+00 8.394493007278041929e+00
1.219178082191780810e+00 8.300115982008122728e+00
1.226027397260273988e+00 8.206344413276495331e+00
1.232876712328767166e+00 8.113187154342346830e+00
1.239726027397260344e+00 8.020652584534941454e+00
1.246575342465753522e+00 7.928748621316744405e+00
1.253424657534246478e+00 7.837482732149442910e+00
1.260273972602739656e+00 7.746861946163062562e+00
1.267123287671232834e+00 7.656892865628656786e+00
1.273972602739726012e+00 7.567581677234942461e+00
1.280821917808219190e+00 7.478934163169598470e+00
1.287671232876712368e+00 7.390955712005928824e+00
1.294520547945205546e+00 7.303651329396029901e+00
1.301369863013698724e+00 7.217025648571130603e+00
1.308219178082191680e+00 7.131082940650596669e+00
1.315068493150684859e+00 7.045827124760553062e+00
1.321917808219178037e+00 6.961261777963655639e+00
1.328767123287671215e+00 6.877390145001344379e+00
1.335616438356164393e+00 6.794215147850038328e+00
1.342465753424657571e+00 6.711739395092999771e+00
1.349315068493150749e+00 6.629965191109332245e+00
1.356164383561643927e+00 6.548894545082029950e+00
1.363013698630136883e+00 6.468529179826636444e+00
1.369863013698630061e+00 6.388870540442583845e+00
1.376712328767123239e+00 6.309919802788893861e+00
1.383561643835616417e+00 6.231677881786292339e+00
1.390410958904109595e+00 6.154145439547669127e+00
1.397260273972602773e+00 6.077322893338902077e+00
1.404109589041095951e+00 6.001210423372099534e+00
1.410958904109589129e+00 5.925807980433332567e+00
1.417808219178082085e+00 5.851115293346941471e+00
1.424657534246575263e+00 5.777131876278576605e+00
1.431506849315068441e+00 5.703857035879170922e+00
1.438356164383561620e+00 5.631289878271841687e+00
1.445205479452054798e+00 5.559429315884106160e+00
1.452054794520547976e+00 5.488274074127508229e+00
1.458904109589041154e+00 5.417822697926853337e+00
1.465753424657534332e+00 5.348073558101257952e+00
1.472602739726027288e+00 5.279024857599342369e+00
1.479452054794520466e+00 5.210674637590620328e+00
1.486301369863013644e+00 5.143020783415462205e+00
1.493150684931506822e+00 5.076061030395710105e+00
1.500000000000000000e+00 5.009792969508334082e+00
1.506849315068493178e+00 4.944214052924171376e+00
1.513698630136986356e+00 4.879321599414076616e+00
1.520547945205479534e+00 4.815112799624651885e+00
1.527397260273972712e+00 4.751584721225712293e+00
1.534246575342465668e+00 4.688734313931767872e+00
1.541095890410958846e+00 4.626558414399532637e+00
1.547945205479452024e+00 4.565053751003804727e+00
1.554794520547945202e+00 4.504216948493760420e+00
1.561643835616438380e+00 4.444044532531741254e+00
1.568493150684931559e+00 4.384532934116806224e+00
1.575342465753424737e+00 4.325678493894995036e+00
1.582191780821917915e+00 4.267477466358488236e+00
1.589041095890410871e+00 4.209926023935651962e+00
1.595890410958904049e+00 4.153020260974050082e+00
1.602739726027397227e+00 4.096756197618478090e+00
1.609589041095890405e+00 4.041129783585970081e+00
1.616438356164383583e+00 3.986136901839747004e+00
1.623287671232876761e+00 3.931773372164162339e+00
1.630136986301369939e+00 3.878034954642504140e+00
1.636986301369863117e+00 3.824917353039582579e+00
1.643835616438356073e+00 3.772416218091057871e+00
1.650684931506849251e+00 3.720527150701270269e+00
1.657534246575342429e+00 3.669245705051584316e+00
1.664383561643835607e+00 3.618567391620914897e+00
1.671232876712328785e+00 3.568487680120310923e+00
1.678082191780821963e+00 3.519002002343436963e+00
1.684931506849315141e+00 3.470105754934569298e+00
1.691780821917808320e+00 3.421794302075975569e+00
1.698630136986301276e+00 3.374062978096281196e+00
1.705479452054794454e+00 3.326907090001606004e+00
1.712328767123287632e+00 3.280321919931036057e+00
1.719178082191780810e+00 3.234302727538125755e+00
1.726027397260273988e+00 3.188844752300017404e+00
1.732876712328767166e+00 3.143943215755781839e+00
1.739726027397260344e+00 3.099593323675531753e+00
1.746575342465753522e+00 3.055790268161828749e+00
1.753424657534246478e+00 3.012529229684932197e+00
1.760273972602739656e+00 2.969805379053363392e+00
1.767123287671232834e+00 2.927613879321246948e+00
1.773972602739726012e+00 2.885949887633858513e+00
1.780821917808219190e+00 2.844808557012835859e+00
1.787671232876712368e+00 2.804185038082411818e+00
1.794520547945205546e+00 2.764074480738044404e+00
1.801369863013698724e+00 2.724472035758799482e+00
1.808219178082191680e+00 2.685372856364826699e+00
1.815068493150684859e+00 2.646772099721169447e+00
1.821917808219178037e+00 2.608664928389267335e+00
1.828767123287671215e+00 2.571046511727329342e+00
1.835616438356164393e+00 2.533912027240873499e+00
1.842465753424657571e+00 2.497256661884594386e+00
1.849315068493150749e+00 2.461075613316766386e+00
1.856164383561643927e+00 2.425364091107361730e+00
1.863013698630136883e+00 2.390117317901002014e+00
1.869863013698630061e+00 2.355330530535872047e+00
1.876712328767123239e+00 2.320998981119721360e+00
1.883561643835616417e+00 2.287117938063983225e+00
1.890410958904109595e+00 2.253682687077137814e+00
1.897260273972602773e+00 2.220688532118291203e+00
1.904109589041095951e+00 2.188130796312037329e+00
1.910958904109589129e+00 2.156004822825585254e+00
1.917808219178082085e+00 2.124305975709116723e+00
1.924657534246575263e+00 2.093029640700362570e+00
1.931506849315068441e+00 2.062171225994302137e+00
1.938356164383561620e+00 2.031726162978954697e+00
1.945205479452054798e+00 2.001689906938113772e+00
1.952054794520547976e+00 1.972057937721940934e+00
1.958904109589041154e+00 1.942825760386279299e+00
1.965753424657534332e+00 1.913988905801528695e+00
1.972602739726027288e+00 1.885542931231921404e+00
1.979452054794520466e+00 1.857483420885991610e+00
1.986301369863013644e+00 1.829805986439062337e+00
1.993150684931506822e+00 1.802506267528513728e+00
2.000000000000000000e+00 1.775579932222592916e+00
2.006849315068492956e+00 1.749022677463502928e+00
2.013698630136986356e+00 1.722830229485531994e+00
2.020547945205479312e+00 1.696998344208912490e+00
2.027397260273972712e+00 1.671522807610089867e+00
2.034246575342465668e+00 1.646399436069137856e+00
2.041095890410959068e+00 1.621624076694929917e+00
2.047945205479452024e+00 1.597192607628771910e+00
2.054794520547945424e+00 1.573100938327077092e+00
2.061643835616438380e+00 1.549345009823767327e+00
2.068493150684931337e+00 1.525920794972966510e+00
2.075342465753424737e+00 1.502824298672601921e+00
2.082191780821917693e+00 1.480051558069495288e+00
2.089041095890411093e+00 1.457598642746495976e+00
2.095890410958904049e+00 1.435461654892248307e+00
2.102739726027397449e+00 1.413636729454076590e+00
2.109589041095890405e+00 1.392120034274607843e+00
2.116438356164383361e+00 1.370907770212534293e+00
2.123287671232876761e+00 1.349996171248130761e+00
2.130136986301369717e+00 1.329381504573965200e+00
2.136986301369863117e+00 1.309060070671263176e+00
2.143835616438356073e+00 1.289028203372474923e+00
2.150684931506849473e+00 1.269282269910407823e+00
2.157534246575342429e+00 1.249818670954452537e+00
2.164383561643835829e+00 1.230633840634294041e+00
2.171232876712328785e+00 1.211724246551552309e+00
2.178082191780821741e+00 1.193086389779750567e+00
2.184931506849315141e+00 1.174716804853054297e+00
2.191780821917808098e+00 1.156612059744129395e+00
2.198630136986301498e+00 1.138768755831535584e+00
2.205479452054794454e+00 1.121183527857030571e+00
2.212328767123287854e+00 1.103853043873126660e+00
2.219178082191780810e+00 1.086774005181302405e+00
2.226027397260273766e+00 1.069943146261160383e+00
2.232876712328767166e+00 1.053357234690915467e+00
2.239726027397260122e+00 1.037013071059537328e+00
2.246575342465753522e+00 1.020907488870834490e+00
2.253424657534246478e+00 1.005037354439847874e+00
2.260273972602739878e+00 9.893995667818110684e-01
2.267123287671232834e+00 9.739910574940019439e-01
2.273972602739726234e+00 9.588087906307726227e-01
2.280821917808219190e+00 9.438497625720246864e-01
2.287671232876712146e+00 9.291110018854162877e-01
2.294520547945205546e+00 9.145895691825792762e-01
2.301369863013698502e+00 9.002825569695734886e-01
2.308219178082191902e+00 8.861870894918566499e-01
2.315068493150684859e+00 8.723003225740250111e-01
2.321917808219178259e+00 8.586194434545136867e-01
2.328767123287671215e+00 8.451416706155593372e-01
2.335616438356164171e+00 8.318642536085939510e-01
2.342465753424657571e+00 8.187844728753090884e-01
2.349315068493150527e+00 8.058996395646266242e-01
2.356164383561643927e+00 7.932070953457304174e-01
2.363013698630136883e+00 7.807042122174200349e-01
2.369863013698630283e+00 7.683883923139389616e-01
2.376712328767123239e+00 7.562570677074890169e-01
2.383561643835616639e+00 7.443077002076025073e-01
2.390410958904109595e+00 7.325377811575749520e-01
2.397260273972602551e+00 7.209448312280870574e-01
2.404109589041095951e+00 7.095264002082448673e-01
2.410958904109588907e+00 6.982800667941461148e-01
2.417808219178082307e+00 6.872034383751670639e-01
2.424657534246575263e+00 6.762941508181158357e-01
2.431506849315068663e+00 6.655498682493825591e-01
2.438356164383561620e+00 6.549682828352668684e-01
2.445205479452054576e+00 6.445471145605896623e-01
2.452054794520547976e+00 6.342841110057415577e-01
2.458904109589040932e+00 6.241770471223042627e-01
2.465753424657534332e+00 6.142237250073547816e-01
2.472602739726027288e+00 6.044219736765901185e-01
2.479452054794520688e+00 5.947696488363956036e-01
2.486301369863013644e+00 5.852646326549533207e-01
2.493150684931507044e+00 5.759048335325236412e-01
2.500000000000000000e+00 5.666881858709983399e-01
2.506849315068492956e+00 5.576126498428284339e-01
2.513698630136986356e+00 5.486762111594275515e-01
2.520547945205479312e+00 5.398768808391675167e-01
2.527397260273972712e+00 5.312126949750215488e-01
2.534246575342465668e+00 5.226817145019896360e-01
2.541095890410959068e+00 5.142820249643663688e-01
2.547945205479452024e+00 5.060117362829421594e-01
2.554794520547945424e+00 4.978689825222295529e-01
2.561643835616438380e+00 4.898519216577833513e-01
2.568493150684931337e+00 4.819587353436861621e-01
2.575342465753424737e+00 4.741876286802997331e-01
2.582191780821917693e+00 4.665368299823137721e-01
2.589041095890411093e+00 4.590045905471926146e-01
2.595890410958904049e+00 4.515891844240749187e-01
2.602739726027397449e+00 4.442889081831793430e-01
2.609589041095890405e+00 4.371020806857960350e-01
2.616438356164383361e+00 4.300270428549034518e-01
2.623287671232876761e+00 4.230621574464835111e-01
2.630136986301369717e+00 4.162058088215785934e-01
2.636986301369863117e+00 4.094564027191384126e-01
2.643835616438356073e+00 4.028123660297227571e-01
2.650684931506849473e+00 3.962721465700898560e-01
2.657534246575342429e+00 3.898342128587254374e-01
2.664383561643835829e+00 3.834970538923567207e-01
2.671232876712328785e+00 3.772591789234862047e-01
2.678082191780821741e+00 3.711191172389899373e-01
2.684931506849315141e+00 3.650754179398231214e-01
2.691780821917808098e+00 3.591266497218552067e-01
2.698630136986301498e+00 3.532714006578821508e-01
2.705479452054794454e+00 3.475082779808494338e-01
2.712328767123287854e+00 3.418359078682990937e-01
2.719178082191780810e+00 3.362529352280981265e-01
2.726027397260273766e+00 3.307580234854547996e-01
2.732876712328767166e+00 3.253498543712536328e-01
2.739726027397260122e+00 3.200271277117479607e-01
2.746575342465753522e+00 3.147885612196135163e-01
2.753424657534246478e+00 3.096328902864055599e-01
2.760273972602739878e+00 3.045588677764249907e-01
2.767123287671232834e+00 2.995652638220228092e-01
2.773972602739726234e+00 2.946508656203599141e-01
2.780821917808219190e+00 2.898144772316414985e-01
2.787671232876712146e+00 2.850549193788328717e-01
2.794520547945205546e+00 2.803710292488912348e-01
2.801369863013698502e+00 2.757616602955084706e-01
2.808219178082191902e+00 2.712256820433863735e-01
2.815068493150684859e+00 2.667619798940655818e-01
2.821917808219178259e+00 2.623694549332971637e-01
2.828767123287671215e+00 2.580470237399935529e-01
2.835616438356164171e+00 2.537936181967471727e-01
2.842465753424657571e+00 2.496081853019389007e-01
2.849315068493150527e+00 2.454896869834361783e-01
2.856164383561643927e+00 2.414370999138927276e-01
2.863013698630136883e+00 2.374494153276509867e-01
2.869863013698630283e+00 2.335256388392605575e-01
2.876712328767123239e+00 2.296647902636052840e-01
2.883561643835616639e+00 2.258659034376558072e-01
2.890410958904109595e+00 2.221280260438435183e-01
2.897260273972602551e+00 2.184502194350546045e-01
2.904109589041095951e+00 2.148315584612584539e-01
2.910958904109588907e+00 2.112711312977600397e-01
2.917808219178082307e+00 2.077680392750790583e-01
2.924657534246575263e+00 2.043213967104627882e-01
2.931506849315068663e+00 2.009303307410235384e-01
2.938356164383561620e+00 1.975939811585035732e-01
2.945205479452054576e+00 1.943115002456664020e-01
2.952054794520547976e+00 1.910820526143080789e-01
2.958904109589040932e+00 1.879048150448960064e-01
2.965753424657534332e+00 1.847789763278168962e-01
2.972602739726027288e+00 1.817037371062436013e-01
2.979452054794520688e+00 1.786783097206102178e-01
2.986301369863013644e+00 1.757019180546942894e-01
2.993150684931507044e+00 1.727737973832971230e-01
3.000000000000000000e+00 1.698931942215199942e-01
3.006849315068492956e+00 1.670593661756341330e-01
3.013698630136986356e+00 1.642715817955277824e-01
3.020547945205479312e+00 1.615291204287384041e-01
3.027397260273972712e+00 1.588312720760492180e-01
3.034246575342465668e+00 1.561773372486554567e-01
3.041095890410959068e+00 1.535666268268849888e-01
3.047945205479452024e+00 1.509984619204683687e-01
3.054794520547945424e+00 1.484721737303511258e-01
3.061643835616438380e+00 1.459871034120425737e-01
3.068493150684931337e+00 1.435426019404840159e-01
3.075342465753424737e+00 1.411380299764413149e-01
3.082191780821917693e+00 1.387727577344004815e-01
3.089041095890411093e+00 1.364461648519658954e-01
3.095890410958904049e+00 1.341576402607474738e-01
3.102739726027397449e+00 1.319065820587291549e-01
3.109589041095890405e+00 1.296923973841102307e-01
3.116438356164383361e+00 1.275145022906063463e-01
3.123287671232876761e+00 1.253723216242050020e-01
3.130136986301369717e+00 1.232652889013623743e-01
3.136986301369863117e+00 1.211928461886318115e-01
3.143835616438356073e+00 1.191544439837152192e-01
3.150684931506849473e+00 1.171495410979243451e-01
3.157534246575342429e+00 1.151776045400450810e-01
3.164383561643835829e+00 1.132381094015911943e-01
3.171232876712328785e+00 1.113305387434374433e-01
3.178082191780821741e+00 1.094543834838225954e-01
3.184931506849315141e+00 1.076091422877093334e-01
3.191780821917808098e+00 1.057943214574936786e-01
3.198630136986301498e+00 1.040094348250471396e-01
3.205479452054794454e+00 1.022540036450868967e-01
3.212328767123287854e+00 1.005275564898581581e-01
3.219178082191780810e+00 9.882962914511993213e-02
3.226027397260273766e+00 9.715976450742259962e-02
3.232876712328767166e+00 9.551751248266368566e-02
3.239726027397260122e+00 9.390242988591544770e-02
3.246575342465753522e+00 9.231408034250759842e-02
3.253424657534246478e+00 9.075203419035661467e-02
3.260273972602739878e+00 8.921586838353008642e-02
3.267123287671232834e+00 8.770516639703471173e-02
3.273972602739726234e+00 8.621951813281407417e-02
3.280821917808219190e+00 8.475851982695023490e-02
3.287671232876712146e+00 8.332177395805015485e-02
3.294520547945205546e+00 8.190888915681203419e-02
3.301369863013698502e+00 8.051948011675855166e-02
3.308219178082191902e+00 7.915316750612122476e-02
3.315068493150684859e+00 7.780957788087156102e-02
3.321917808219178259e+00 7.648834359888144474e-02
3.328767123287671215e+00 7.518910273520532095e-02
3.335616438356164171e+00 7.391149899847006266e-02
3.342465753424657571e+00 7.265518164836427817e-02
3.349315068493150527e+00 7.141980541421220907e-02
3.356164383561643927e+00 7.020503041462343441e-02
3.363013698630136883e+00 6.901052207820669582e-02
3.369863013698630283e+00 6.783595106533531205e-02
3.376712328767123239e+00 6.668099319095598110e-02
3.383561643835616639e+00 6.554532934842501046e-02
3.390410958904109595e+00 6.442864543436663261e-02
3.397260273972602551e+00 6.333063227453823718e-02
3.404109589041095951e+00 6.225098555069193129e-02
3.410958904109588907e+00 6.118940572842510722e-02
3.417808219178082307e+00 6.014559798600302432e-02
3.424657534246575263e+00 5.911927214414893633e-02
3.431506849315068663e+00 5.811014259678651955e-02
3.438356164383561620e+00 5.711792824272566432e-02
3.445205479452054576e+00 5.614235241828072903e-02
3.452054794520547976e+00 5.518314283081173638e-02
3.458904109589040932e+00 5.424003149317496719e-02
3.465753424657534332e+00 5.331275465907654720e-02
3.472602739726027288e+00 5.240105275931553064e-02
3.479452054794520688e+00 5.150467033890679391e-02
3.486301369863013644e+00 5.062335599507566258e-02
3.493150684931507044e+00 4.975686231610985943e-02
3.500000000000000000e+00 4.890494582106368060e-02
