0.000000000000000000e+00 0.000000000000000000e+00
6.849315068493150305e-03 5.461797041574538436e-02
1.369863013698630061e-02 1.994373701954157141e-01
2.054794520547945091e-02 4.154775328982862059e-01
2.739726027397260122e-02 6.893494015337198189e-01
3.424657534246575152e-02 1.010663870925760488e+00
4.109589041095890183e-02 1.371020484827912833e+00
4.794520547945205213e-02 1.763460836860746728e+00
5.479452054794520244e-02 2.182128251205025737e+00
6.164383561643835274e-02 2.622037323754021543e+00
6.849315068493150305e-02 3.078908816110009106e+00
7.534246575342465335e-02 3.549046476202900369e+00
8.219178082191780366e-02 4.029242282640914219e+00
8.904109589041095396e-02 4.516701788906377857e+00
9.589041095890410427e-02 5.008984162796638273e+00
1.027397260273972546e-01 5.503953263721060196e+00
1.095890410958904049e-01 5.999737197755741214e+00
1.164383561643835552e-01 6.494694507300516229e+00
1.232876712328767055e-01 6.987385636398776967e+00
1.301369863013698558e-01 7.476548649159301618e+00
1.369863013698630061e-01 7.961078418132956358e+00
1.438356164383561564e-01 8.440008673530646988e+00
1.506849315068493067e-01 8.912496433041384947e+00
1.575342465753424570e-01 9.377808429017203906e+00
1.643835616438356073e-01 9.835309223888046404e+00
1.712328767123287576e-01 1.028445076201185238e+01
1.780821917808219079e-01 1.072476315106846023e+01
1.849315068493150582e-01 1.115584650164673519e+01
1.917808219178082085e-01 1.157736368208005473e+01
1.986301369863013588e-01 1.198903386849087838e+01
2.054794520547945091e-01 1.239062678862697453e+01
2.123287671232876594e-01 1.278195757332522042e+01
2.191780821917808098e-01 1.316288214201950701e+01
2.260273972602739601e-01 1.353329305915279868e+01
2.328767123287671104e-01 1.389311580707398974e+01
2.397260273972602607e-01 1.424230542832293978e+01
2.465753424657534110e-01 1.458084349638772892e+01
2.534246575342465890e-01 1.490873537925989467e+01
2.602739726027397116e-01 1.522600776457935723e+01
2.671232876712328896e-01 1.553270641898139104e+01
2.739726027397260122e-01 1.582889415754015339e+01
2.808219178082191902e-01 1.611464900203283790e+01
2.876712328767123128e-01 1.639006250919707242e+01
2.945205479452054909e-01 1.665523825227982613e+01
3.013698630136986134e-01 1.691029044102705114e+01
3.082191780821917915e-01 1.715534266688052156e+01
3.150684931506849140e-01 1.739052676156430621e+01
3.219178082191780921e-01 1.761598175848778070e+01
3.287671232876712146e-01 1.783185294748712835e+01
3.356164383561643927e-01 1.803829101439443150e+01
3.424657534246575152e-01 1.823545125777857479e+01
3.493150684931506933e-01 1.842349287596124441e+01
3.561643835616438158e-01 1.860257831808443285e+01
3.630136986301369939e-01 1.877287269360665789e+01
3.698630136986301165e-01 1.893454323513970294e+01
3.767123287671232945e-01 1.908775881001620789e+01
3.835616438356164171e-01 1.923268947640660542e+01
3.904109589041095951e-01 1.936950608018758757e+01
3.972602739726027177e-01 1.949837988910926612e+01
4.041095890410958957e-01 1.961948226111811877e+01
4.109589041095890183e-01 1.973298434397236889e+01
4.178082191780821963e-01 1.983905680353812073e+01
4.246575342465753189e-01 1.993786957838269203e+01
4.315068493150684970e-01 2.002959165848671574e+01
4.383561643835616195e-01 2.011439088608386427e+01
4.452054794520547976e-01 2.019243377680530216e+01
4.520547945205479201e-01 2.026388535945990910e+01
4.589041095890410982e-01 2.032890903292044271e+01
4.657534246575342207e-01 2.038766643871281303e+01
4.726027397260273988e-01 2.044031734802090838e+01
4.794520547945205213e-01 2.048701956192482854e+01
4.863013698630136994e-01 2.052792882378637884e+01
4.931506849315068219e-01 2.056319874278325344e+01
5.000000000000000000e-01 2.059298072767360210e+01
5.068493150684931781e-01 2.061742392994583284e+01
5.136986301369863561e-01 2.063667519557582963e+01
5.205479452054794232e-01 2.065087902467494274e+01
5.273972602739726012e-01 2.066017753836873538e+01
5.342465753424657793e-01 2.066471045229806691e+01
5.410958904109589573e-01 2.066461505618147143e+01
5.479452054794520244e-01 2.066002619892169179e+01
5.547945205479452024e-01 2.065107627877899432e+01
5.616438356164383805e-01 2.063789523817102634e+01
5.684931506849315586e-01 2.062061056269285331e+01
5.753424657534246256e-01 2.059934728398194537e+01
5.821917808219178037e-01 2.057422798608203252e+01
5.890410958904109817e-01 2.054537281498579304e+01
5.958904109589041598e-01 2.051289949106132582e+01
6.027397260273972268e-01 2.047692332408983162e+01
6.095890410958904049e-01 2.043755723066243490e+01
6.164383561643835829e-01 2.039491175370389797e+01
6.232876712328767610e-01 2.034909508390849453e+01
6.301369863013698280e-01 2.030021308288969095e+01
6.369863013698630061e-01 2.024836930786070255e+01
6.438356164383561842e-01 2.019366503767703591e+01
6.506849315068493622e-01 2.013619930008490755e+01
6.575342465753424293e-01 2.007606890003197364e+01
6.643835616438356073e-01 2.001336844890737865e+01
6.712328767123287854e-01 1.994819039458894139e+01
6.780821917808219634e-01 1.988062505218465503e+01
6.849315068493150305e-01 1.981076063536453802e+01
6.917808219178082085e-01 1.973868328818719320e+01
6.986301369863013866e-01 1.966447711733295378e+01
7.054794520547945647e-01 1.958822422466258928e+01
7.123287671232876317e-01 1.951000474002721319e+01
7.191780821917808098e-01 1.942989685426078239e+01
7.260273972602739878e-01 1.934797685229270314e+01
7.328767123287671659e-01 1.926431914632270903e+01
7.397260273972602329e-01 1.917899630900548402e+01
7.465753424657534110e-01 1.909207910659684160e+01
7.534246575342465890e-01 1.900363653201728198e+01
7.602739726027397671e-01 1.891373583779288836e+01
7.671232876712328341e-01 1.882244256883684486e+01
7.739726027397260122e-01 1.872982059503846131e+01
7.808219178082191902e-01 1.863593214362935058e+01
7.876712328767123683e-01 1.854083783129955521e+01
7.945205479452054353e-01 1.844459669603895335e+01
8.013698630136986134e-01 1.834726622868159751e+01
8.082191780821917915e-01 1.824890240413321152e+01
8.150684931506849695e-01 1.814955971226394027e+01
8.219178082191780366e-01 1.804929118845040747e+01
8.287671232876712146e-01 1.794814844375321528e+01
8.356164383561643927e-01 1.784618169471728066e+01
8.424657534246575707e-01 1.774343979278430794e+01
8.493150684931506378e-01 1.763997025330798962e+01
8.561643835616438158e-01 1.753581928416378588e+01
8.630136986301369939e-01 1.743103181394651102e+01
8.698630136986301720e-01 1.732565151975002848e+01
8.767123287671232390e-01 1.721972085452420842e+01
8.835616438356164171e-01 1.711328107400582610e+01
8.904109589041095951e-01 1.700637226322000473e+01
8.972602739726027732e-01 1.689903336255087396e+01
9.041095890410958402e-01 1.679130219337962870e+01
9.109589041095890183e-01 1.668321548328976434e+01
9.178082191780821963e-01 1.657480889083948483e+01
9.246575342465753744e-01 1.646611702990190551e+01
9.315068493150684414e-01 1.635717349357436134e+01
9.383561643835616195e-01 1.624801087765825613e+01
9.452054794520547976e-01 1.613866080371203537e+01
9.520547945205479756e-01 1.602915394167934338e+01
9.589041095890410427e-01 1.591952003209549282e+01
9.657534246575342207e-01 1.580978790787559696e+01
9.726027397260273988e-01 1.569998551568776612e+01
9.794520547945205768e-01 1.559013993691500666e+01
9.863013698630136439e-01 1.548027740821050457e+01
9.931506849315068219e-01 1.537042334164972068e+01
1.000000000000000000e+00 1.526060234448462438e+01
1.006849315068493178e+00 1.515083823850405942e+01
1.013698630136986356e+00 1.504115407900555468e+01
1.020547945205479534e+00 1.493157217338313281e+01
1.027397260273972712e+00 1.482211409933644930e+01
1.034246575342465668e+00 1.471280072270643302e+01
1.041095890410958846e+00 1.460365221494238241e+01
1.047945205479452024e+00 1.449468807020625682e+01
1.054794520547945202e+00 1.438592712211934099e+01
1.061643835616438380e+00 1.427738756015660115e+01
1.068493150684931559e+00 1.416908694569453964e+01
1.075342465753424737e+00 1.406104222771764967e+01
1.082191780821917915e+00 1.395326975818943005e+01
1.089041095890410871e+00 1.384578530709300459e+01
1.095890410958904049e+00 1.373860407714733078e+01
1.102739726027397227e+00 1.363174071820412614e+01
1.109589041095890405e+00 1.352520934133139896e+01
1.116438356164383583e+00 1.341902353258864977e+01
1.123287671232876761e+00 1.331319636649966043e+01
1.130136986301369939e+00 1.320774041922782693e+01
1.136986301369863117e+00 1.310266778145991395e+01
1.143835616438356073e+00 1.299799007100317105e+01
1.150684931506849251e+00 1.289371844510138487e+01
1.157534246575342429e+00 1.278986361247506487e+01
1.164383561643835607e+00 1.268643584509093003e+01
1.171232876712328785e+00 1.258344498966586400e+01
1.178082191780821963e+00 1.248090047891065524e+01
1.184931506849315141e+00 1.237881134251809812e+01
1.191780821917808320e+00 1.227718621790110376e+01
1.198630136986301276e+00 1.217603336068505726e+01
1.205479452054794454e+00 1.207536065495988886e+01
1.212328767123287632e+00 1.197517562329622365e+01
1.219178082191780810e+00 1.187548543653062438e+01
1.226027397260273988e+00 1.177629692332442701e+01
1.232876712328767166e+00 1.167761657950083354e+01
1.239726027397260344e+00 1.157945057716489856e+01
1.246575342465753522e+00 1.148180477361059104e+01
1.253424657534246478e+00 1.138468472001973630e+01
1.260273972602739656e+00 1.128809566995667346e+01
1.267123287671232834e+00 1.119204258766346527e+01
1.273972602739726012e+00 1.109653015615920779e+01
1.280821917808219190e+00 1.100156278514818098e+01
1.287671232876712368e+00 1.090714461874032537e+01
1.294520547945205546e+00 1.081327954298851957e+01
1.301369863013698724e+00 1.071997119324619696e+01
1.308219178082191680e+00 1.062722296134933408e+01
1.315068493150684859e+00 1.053503800262650181e+01
1.321917808219178037e+00 1.044341924274079680e+01
1.328767123287671215e+00 1.035236938436714205e+01
1.335616438356164393e+00 1.026189091370862272e+01
1.342465753424657571e+00 1.017198610685532678e+01
1.349315068493150749e+00 1.008265703598920027e+01
1.356164383561643927e+00 9.993905575438104094e+00
1.363013698630136883e+00 9.905733407582712147e+00
1.369863013698630061e+00 9.818142028619075035e+00
1.376712328767123239e+00 9.731132754180455535e+00
1.383561643835616417e+00 9.644706724821210386e+00
1.390410958904109595e+00 9.558864911366061534e+00
1.397260273972602773e+00 9.473608120127481769e+00
1.404109589041095951e+00 9.388936997994436595e+00
1.410958904109589129e+00 9.304852037395075826e+00
1.417808219178082085e+00 9.221353581136428446e+00
1.424657534246575263e+00 9.138441827123706673e+00
1.431506849315068441e+00 9.056116832962080920e+00
1.438356164383561620e+00 8.974378520443393015e+00
1.445205479452054798e+00 8.893226679920616107e+00
1.452054794520547976e+00 8.812660974572468220e+00
1.458904109589041154e+00 8.732680944560689440e+00
1.465753424657534332e+00 8.653286011082551354e+00
1.472602739726027288e+00 8.574475480320780107e+00
1.479452054794520466e+00 8.496248547293431486e+00
1.486301369863013644e+00 8.418604299605918939e+00
1.493150684931506822e+00 8.341541721107475382e+00
1.500000000000000000e+00 8.265059695454143096e+00
1.506849315068493178e+00 8.189157009580650737e+00
1.513698630136986356e+00 8.113832357083079927e+00
1.520547945205479534e+00 8.039084341514474374e+00
1.527397260273972712e+00 7.964911479595424559e+00
1.534246575342465668e+00 7.891312204341544678e+00
1.541095890410958846e+00 7.818284868109834029e+00
1.547945205479452024e+00 7.745827745565761369e+00
1.554794520547945202e+00 7.673939036572924088e+00
1.561643835616438380e+00 7.602616869007146505e+00
1.568493150684931559e+00 7.531859301496718118e+00
1.575342465753424737e+00 7.461664326090549082e+00
1.582191780821917915e+00 7.392029870855884255e+00
1.589041095890410871e+00 7.322953802407313972e+00
1.595890410958904049e+00 7.254433928368581697e+00
1.602739726027397227e+00 7.186467999768939130e+00
1.609589041095890405e+00 7.119053713375373071e+00
1.616438356164383583e+00 7.052188713962486588e+00
1.623287671232876761e+00 6.985870596521216669e+00
1.630136986301369939e+00 6.920096908408139846e+00
1.636986301369863117e+00 6.854865151436534632e+00
1.643835616438356073e+00 6.790172783910714216e+00
1.650684931506849251e+00 6.726017222604960821e+00
1.657534246575342429e+00 6.662395844688378865e+00
1.664383561643835607e+00 6.599305989596934374e+00
1.671232876712328785e+00 6.536744960853979158e+00
1.678082191780821963e+00 6.474710027840514748e+00
1.684931506849315141e+00 6.413198427516314304e+00
1.691780821917808320e+00 6.352207366093203689e+00
1.698630136986301276e+00 6.291734020661554183e+00
1.705479452054794454e+00 6.231775540771181454e+00
1.712328767123287632e+00 6.172329049967715697e+00
1.719178082191780810e+00 6.113391647285558506e+00
1.726027397260273988e+00 6.054960408698402574e+00
1.732876712328767166e+00 5.997032388528460878e+00
1.739726027397260344e+00 5.939604620815315705e+00
1.746575342465753522e+00 5.882674120645382310e+00
1.753424657534246478e+00 5.826237885443006803e+00
1.760273972602739656e+00 5.770292896224078483e+00
1.767123287671232834e+00 5.714836118813095389e+00
1.773972602739726012e+00 5.659864505024560621e+00
1.780821917808219190e+00 5.605374993809656203e+00
1.787671232876712368e+00 5.551364512368919257e+00
1.794520547945205546e+00 5.497829977231898368e+00
1.801369863013698724e+00 5.444768295304483807e+00
1.808219178082191680e+00 5.392176364884849527e+00
1.815068493150684859e+00 5.340051076648606454e+00
1.821917808219178037e+00 5.288389314604102331e+00
1.828767123287671215e+00 5.237187957018506701e+00
1.835616438356164393e+00 5.186443877315416451e+00
1.842465753424657571e+00 5.136153944944774175e+00
1.849315068493150749e+00 5.086315026225675773e+00
1.856164383561643927e+00 5.036923985162825801e+00
1.863013698630136883e+00 4.987977684237255183e+00
1.869863013698630061e+00 4.939472985172032260e+00
1.876712328767123239e+00 4.891406749673436138e+00
1.883561643835616417e+00 4.843775840148424550e+00
1.890410958904109595e+00 4.796577120398779037e+00
1.897260273972602773e+00 4.749807456292692187e+00
1.904109589041095951e+00 4.703463716414259643e+00
1.910958904109589129e+00 4.657542772691506627e+00
1.917808219178082085e+00 4.612041501003452559e+00
1.924657534246575263e+00 4.566956781766746687e+00
1.931506849315068441e+00 4.522285500502451150e+00
1.938356164383561620e+00 4.478024548383435111e+00
1.945205479452054798e+00 4.434170822762856012e+00
1.952054794520547976e+00 4.390721227684305283e+00
1.958904109589041154e+00 4.347672674373987967e+00
1.965753424657534332e+00 4.305022081715471849e+00
1.972602739726027288e+00 4.262766376707403104e+00
1.979452054794520466e+00 4.220902494904741786e+00
1.986301369863013644e+00 4.179427380843763196e+00
1.993150684931506822e+00 4.138337988451438854e+00
2.000000000000000000e+00 4.097631281439488404e+00
2.006849315068492956e+00 4.057304233683538541e+00
2.013698630136986356e+00 4.017353829587782421e+00
2.020547945205479312e+00 3.977777064435560117e+00
2.027397260273972712e+00 3.938570944726111911e+00
2.034246575342465668e+00 3.899732488498071969e+00
2.041095890410959068e+00 3.861258725639820533e+00
2.047945205479452024e+00 3.823146698187263048e+00
2.054794520547945424e+00 3.785393460609189020e+00
2.061643835616438380e+00 3.747996080080729708e+00
2.068493150684931337e+00 3.710951636745014603e+00
2.075342465753424737e+00 3.674257223963579122e+00
2.082191780821917693e+00 3.637909948555654083e+00
2.089041095890411093e+00 3.601906931026694902e+00
2.095890410958904049e+00 3.566245305786519548e+00
2.102739726027397449e+00 3.530922221357168045e+00
2.109589041095890405e+00 3.495934840570968483e+00
2.116438356164383361e+00 3.461280340758909002e+00
2.123287671232876761e+00 3.426955913929701669e+00
2.130136986301369717e+00 3.392958766939722981e+00
2.136986301369863117e+00 3.359286121654116108e+00
2.143835616438356073e+00 3.325935215099318665e+00
2.150684931506849473e+00 3.292903299607216283e+00
2.157534246575342429e+00 3.260187642951177356e+00
2.164383561643835829e+00 3.227785528474218957e+00
2.171232876712328785e+00 3.195694255209492241e+00
2.178082191780821741e+00 3.163911137993333345e+00
2.184931506849315141e+00 3.132433507571062314e+00
2.191780821917808098e+00 3.101258710695804943e+00
2.198630136986301498e+00 3.070384110220424123e+00
2.205479452054794454e+00 3.039807085182910207e+00
2.212328767123287854e+00 3.009525030885261465e+00
2.219178082191780810e+00 2.979535358966190373e+00
2.226027397260273766e+00 2.949835497467730772e+00
2.232876712328767166e+00 2.920422890895983503e+00
2.239726027397260122e+00 2.891295000276177696e+00
2.246575342465753522e+00 2.862449303202151629e+00
2.253424657534246478e+00 2.833883293880515186e+00
2.260273972602739878e+00 2.805594483169572939e+00
2.267123287671232834e+00 2.777580398613254786e+00
2.273972602739726234e+00 2.749838584470074121e+00
2.280821917808219190e+00 2.722366601737422176e+00
2.287671232876712146e+00 2.695162028171218971e+00
2.294520547945205546e+00 2.668222458301145572e+00
2.301369863013698502e+00 2.641545503441538045e+00
2.308219178082191902e+00 2.615128791698113186e+00
2.315068493150684859e+00 2.588969967970669028e+00
2.321917808219178259e+00 2.563066693951840058e+00
2.328767123287671215e+00 2.537416648122090113e+00
2.335616438356164171e+00 2.512017525741021107e+00
2.342465753424657571e+00 2.486867038835134380e+00
2.349315068493150527e+00 2.461962916182203642e+00
2.356164383561643927e+00 2.437302903292255074e+00
2.363013698630136883e+00 2.412884762385416604e+00
2.369863013698630283e+00 2.388706272366606154e+00
2.376712328767123239e+00 2.364765228797305774e+00
2.383561643835616639e+00 2.341059443864343503e+00
2.390410958904109595e+00 2.317586746345978277e+00
2.397260273972602551e+00 2.294344981575239029e+00
2.404109589041095951e+00 2.271332011400664985e+00
2.410958904109588907e+00 2.248545714144579488e+00
2.417808219178082307e+00 2.225983984558898232e+00
2.424657534246575263e+00 2.203644733778632681e+00
2.431506849315068663e+00 2.181525889273155272e+00
2.438356164383561620e+00 2.159625394795295694e+00
2.445205479452054576e+00 2.137941210328344610e+00
2.452054794520547976e+00 2.116471312031071861e+00
2.458904109589040932e+00 2.095213692180827536e+00
2.465753424657534332e+00 2.074166359114766767e+00
2.472602739726027288e+00 2.053327337169319922e+00
2.479452054794520688e+00 2.032694666617937074e+00
2.486301369863013644e+00 2.012266403607220422e+00
2.493150684931507044e+00 1.992040620091456438e+00
2.500000000000000000e+00 1.972015403765655872e+00
2.506849315068492956e+00 1.952188857997162907e+00
2.513698630136986356e+00 1.932559101755857878e+00
2.520547945205479312e+00 1.913124269543068134e+00
2.527397260273972712e+00 1.893882511319185946e+00
2.534246575342465668e+00 1.874831992430104899e+00
2.541095890410959068e+00 1.855970893532505661e+00
2.547945205479452024e+00 1.837297410518029972e+00
2.554794520547945424e+00 1.818809754436419679e+00
2.561643835616438380e+00 1.800506151417671674e+00
2.568493150684931337e+00 1.782384842593224272e+00
2.575342465753424737e+00 1.764444084016288938e+00
2.582191780821917693e+00 1.746682146581287398e+00
2.589041095890411093e+00 1.729097315942515145e+00
2.595890410958904049e+00 1.711687892432046443e+00
2.602739726027397449e+00 1.694452190976905248e+00
2.609589041095890405e+00 1.677388541015573553e+00
2.616438356164383361e+00 1.660495286413875116e+00
2.623287671232876761e+00 1.643770785380238131e+00
2.630136986301369717e+00 1.627213410380440983e+00
2.636986301369863117e+00 1.610821548051791341e+00
2.643835616438356073e+00 1.594593599116867821e+00
2.650684931506849473e+00 1.578527978296788259e+00
2.657534246575342429e+00 1.562623114224071186e+00
2.664383561643835829e+00 1.546877449355113399e+00
2.671232876712328785e+00 1.531289439882329573e+00
2.678082191780821741e+00 1.515857555645954369e+00
2.684931506849315141e+00 1.500580280045581860e+00
2.691780821917808098e+00 1.485456109951436732e+00
2.698630136986301498e+00 1.470483555615398341e+00
2.705479452054794454e+00 1.455661140581858470e+00
2.712328767123287854e+00 1.440987401598371909e+00
2.719178082191780810e+00 1.426460888526180693e+00
2.726027397260273766e+00 1.412080164250593572e+00
2.732876712328767166e+00 1.397843804591283323e+00
2.739726027397260122e+00 1.383750398212495680e+00
2.746575342465753522e+00 1.369798546533220529e+00
2.753424657534246478e+00 1.355986863637307582e+00
2.760273972602739878e+00 1.342313976183596269e+00
2.767123287671232834e+00 1.328778523316042959e+00
2.773972602739726234e+00 1.315379156573881714e+00
2.780821917808219190e+00 1.302114539801838777e+00
2.787671232876712146e+00 1.288983349060409900e+00
2.794520547945205546e+00 1.275984272536235808e+00
2.801369863013698502e+00 1.263116010452569826e+00
2.808219178082191902e+00 1.250377274979879605e+00
2.815068493150684859e+00 1.237766790146572760e+00
2.821917808219178259e+00 1.225283291749895476e+00
2.828767123287671215e+00 1.212925527266986991e+00
2.835616438356164171e+00 1.200692255766117489e+00
2.842465753424657571e+00 1.188582247818134041e+00
2.849315068493150527e+00 1.176594285408119278e+00
2.856164383561643927e+00 1.164727161847256554e+00
2.863013698630136883e+00 1.152979681684969115e+00
2.869863013698630283e+00 1.141350660621265112e+00
2.876712328767123239e+00 1.129838925419391238e+00
2.883561643835616639e+00 1.118443313818723750e+00
2.890410958904109595e+00 1.107162674447970785e+00
2.897260273972602551e+00 1.095995866738651126e+00
2.904109589041095951e+00 1.084941760838894931e+00
2.910958904109588907e+00 1.073999237527548223e+00
2.917808219178082307e+00 1.063167188128615770e+00
2.924657534246575263e+00 1.052444514426021271e+00
2.931506849315068663e+00 1.041830128578721038e+00
2.938356164383561620e+00 1.031322953036180712e+00
2.945205479452054576e+00 1.020921920454183285e+00
2.952054794520547976e+00 1.010625973611029904e+00
2.958904109589040932e+00 1.000434065324101729e+00
2.965753424657534332e+00 9.903451583668033686e-01
2.972602739726027288e+00 9.803582253859115525e-01
2.979452054794520688e+00 9.704722488192841778e-01
2.986301369863013644e+00 9.606862208140091175e-01
2.993150684931507044e+00 9.509991431449280608e-01
3.000000000000000000e+00 9.414100271335971160e-01
3.006849315068492956e+00 9.319178935676416531e-01
3.013698630136986356e+00 9.225217726205480195e-01
3.020547945205479312e+00 9.132207037718880205e-01
3.027397260273972712e+00 9.040137357279505181e-01
3.034246575342465668e+00 8.948999263428356610e-01
3.041095890410959068e+00 8.858783425399759937e-01
3.047945205479452024e+00 8.769480602340955500e-01
3.054794520547945424e+00 8.681081642536323528e-01
3.061643835616438380e+00 8.593577482636011178e-01
3.068493150684931337e+00 8.506959146889035983e-01
3.075342465753424737e+00 8.421217746381108871e-01
3.082191780821917693e+00 8.336344478276921377e-01
3.089041095890411093e+00 8.252330625067182401e-01
3.095890410958904049e+00 8.169167553820131378e-01
3.102739726027397449e+00 8.086846715437856492e-01
3.109589041095890405e+00 8.005359643917201451e-01
3.116438356164383361e+00 7.924697955615535028e-01
3.123287671232876761e+00 7.844853348520979264e-01
3.130136986301369717e+00 7.765817601527637004e-01
3.136986301369863117e+00 7.687582573715394663e-01
3.143835616438356073e+00 7.610140203634635503e-01
3.150684931506849473e+00 7.533482508595497062e-01
3.157534246575342429e+00 7.457601583962178982e-01
3.164383561643835829e+00 7.382489602451873800e-01
3.171232876712328785e+00 7.308138813438516124e-01
3.178082191780821741e+00 7.234541542261379021e-01
3.184931506849315141e+00 7.161690189538399975e-01
3.191780821917808098e+00 7.089577230484436221e-01
3.198630136986301498e+00 7.018195214234224100e-01
3.205479452054794454e+00 6.947536763170164553e-01
3.212328767123287854e+00 6.877594572254934757e-01
3.219178082191780810e+00 6.808361408368938106e-01
3.226027397260273766e+00 6.739830109652543699e-01
3.232876712328767166e+00 6.671993584853026515e-01
3.239726027397260122e+00 6.604844812676503585e-01
3.246575342465753522e+00 6.538376841144449836e-01
3.253424657534246478e+00 6.472582786955198841e-01
3.260273972602739878e+00 6.407455834849999921e-01
3.267123287671232834e+00 6.342989236984074575e-01
3.273972602739726234e+00 6.279176312302238161e-01
3.280821917808219190e+00 6.216010445919405436e-01
3.287671232876712146e+00 6.153485088505762368e-01
3.294520547945205546e+00 6.091593755676689703e-01
3.301369863013698502e+00 6.030330027387392766e-01
3.308219178082191902e+00 5.969687547332238609e-01
3.315068493150684859e+00 5.909660022348831587e-01
3.321917808219178259e+00 5.850241221826629756e-01
3.328767123287671215e+00 5.791424977120385176e-01
3.335616438356164171e+00 5.733205180968106163e-01
3.342465753424657571e+00 5.675575786913730214e-01
3.349315068493150527e+00 5.618530808734365500e-01
3.356164383561643927e+00 5.562064319872088713e-01
3.363013698630136883e+00 5.506170452870464693e-01
3.369863013698630283e+00 5.450843398815460317e-01
3.376712328767123239e+00 5.396077406780994679e-01
3.383561643835616639e+00 5.341866783278993447e-01
3.390410958904109595e+00 5.288205891713967377e-01
3.397260273972602551e+00 5.235089151842011734e-01
3.404109589041095951e+00 5.182511039234340977e-01
3.410958904109588907e+00 5.130466084745253230e-01
3.417808219178082307e+00 5.078948873984441281e-01
3.424657534246575263e+00 5.027954046793868814e-01
3.431506849315068663e+00 4.977476296728838845e-01
3.438356164383561620e+00 4.927510370543568552e-01
3.445205479452054576e+00 4.878051067680990172e-01
3.452054794520547976e+00 4.829093239766987233e-01
3.458904109589040932e+00 4.780631790108798018e-01
3.465753424657534332e+00 4.732661673197768315e-01
3.472602739726027288e+00 4.685177894216350780e-01
3.479452054794520688e+00 4.638175508549248205e-01
3.486301369863013644e+00 4.591649621298885542e-01
3.493150684931507044e+00 4.545595386804916482e-01
3.500000000000000000e+00 4.500008008168002172e-01
