0.000000000000000000e+00 0.000000000000000000e+00
6.849315068493150305e-03 3.037256890265250739e-02
1.369863013698630061e-02 1.130280316937321422e-01
2.054794520547945091e-02 2.384734893016349500e-01
2.739726027397260122e-02 3.993971045646920737e-01
3.424657534246575152e-02 5.898139149856563845e-01
4.109589041095890183e-02 8.046933441671577647e-01
4.794520547945205213e-02 1.039741450940439238e+00
5.479452054794520244e-02 1.291256263789188674e+00
6.164383561643835274e-02 1.556024168269573016e+00
6.849315068493150305e-02 1.831241915250471752e+00
7.534246575342465335e-02 2.114455806703457341e+00
8.219178082191780366e-02 2.403513013759889461e+00
8.904109589041095396e-02 2.696521809182530927e+00
9.589041095890410427e-02 2.991818556086366598e+00
1.027397260273972546e-01 3.287939946376406741e+00
1.095890410958904049e-01 3.583599402415849955e+00
1.164383561643835552e-01 3.877666836892771141e+00
1.232876712328767055e-01 4.169151160656152655e+00
1.301369863013698558e-01 4.457185066882421332e+00
1.369863013698630061e-01 4.741011720892758241e+00
1.438356164383561564e-01 5.019973060014237376e+00
1.506849315068493067e-01 5.293499464715746505e+00
1.575342465753424570e-01 5.561100605971895483e+00
1.643835616438356073e-01 5.822357307919382663e+00
1.712328767123287576e-01 6.076914291822384406e+00
1.780821917808219079e-01 6.324473688901703916e+00
1.849315068493150582e-01 6.564789226972203018e+00
1.917808219178082085e-01 6.797661010004393489e+00
1.986301369863013588e-01 7.022930821373113197e+00
2.054794520547945091e-01 7.240477891202941940e+00
2.123287671232876594e-01 7.450215076266972325e+00
2.191780821917808098e-01 7.652085407651870952e+00
2.260273972602739601e-01 7.846058967109247106e+00
2.328767123287671104e-01 8.032130057860904060e+00
2.397260273972602607e-01 8.210314639764364486e+00
2.465753424657534110e-01 8.380648002295675525e+00
2.534246575342465890e-01 8.543182651866148447e+00
2.602739726027397116e-01 8.697986392637194086e+00
2.671232876712328896e-01 8.845140582297105425e+00
2.739726027397260122e-01 8.984738546268712156e+00
2.808219178082191902e-01 9.116884135570598957e+00
2.876712328767123128e-01 9.241690415093851030e+00
2.945205479452054909e-01 9.359278470411034334e+00
3.013698630136986134e-01 9.469776322429915183e+00
3.082191780821917915e-01 9.573317940262835890e+00
3.150684931506849140e-01 9.670042343621609859e+00
3.219178082191780921e-01 9.760092786883031835e+00
3.287671232876712146e-01 9.843616017714232669e+00
3.356164383561643927e-01 9.920761603812287888e+00
3.424657534246575152e-01 9.991681321907172730e+00
3.493150684931506933e-01 1.005652860371107238e+01
3.561643835616438158e-01 1.011545803397622478e+01
3.630136986301369939e-01 1.016862489625468235e+01
3.698630136986301165e-01 1.021618476234240980e+01
3.767123287671232945e-01 1.025829312174068697e+01
3.835616438356164171e-01 1.029510504778531477e+01
3.904109589041095951e-01 1.032677489738108711e+01
3.972602739726027177e-01 1.035345604153936350e+01
4.041095890410958957e-01 1.037530062415287269e+01
4.109589041095890183e-01 1.039245934665646764e+01
4.178082191780821963e-01 1.040508127641787617e+01
4.246575342465753189e-01 1.041331367688042775e+01
4.315068493150684970e-01 1.041730185764179772e+01
4.383561643835616195e-01 1.041718904280075719e+01
4.452054794520547976e-01 1.041311625603922053e+01
4.520547945205479201e-01 1.040522222103028049e+01
4.589041095890410982e-01 1.039364327587611214e+01
4.657534246575342207e-01 1.037851330038309605e+01
4.726027397260273988e-01 1.035996365507647532e+01
4.794520547945205213e-01 1.033812313094378155e+01
4.863013698630136994e-01 1.031311790897636271e+01
4.931506849315068219e-01 1.028507152865140917e+01
5.000000000000000000e-01 1.025410486456458514e+01
5.068493150684931781e-01 1.022033611048518509e+01
5.136986301369863561e-01 1.018388077016289550e+01
5.205479452054794232e-01 1.014485165426762237e+01
5.273972602739726012e-01 1.010335888289241879e+01
5.342465753424657793e-01 1.005950989309387111e+01
5.410958904109589573e-01 1.001340945098564283e+01
5.479452054794520244e-01 9.965159667938584320e+00
5.547945205479452024e-01 9.914860020475941838e+00
5.616438356164383805e-01 9.862607373484291173e+00
5.684931506849315586e-01 9.808496006390909017e+00
5.753424657534246256e-01 9.752617641985562358e+00
5.821917808219178037e-01 9.695061477590240173e+00
5.890410958904109817e-01 9.635914218303994971e+00
5.958904109589041598e-01 9.575260112071498853e+00
6.027397260273972268e-01 9.513180986344417889e+00
6.095890410958904049e-01 9.449756286122861226e+00
6.164383561643835829e-01 9.385063113181791650e+00
6.232876712328767610e-01 9.319176266302854117e+00
6.301369863013698280e-01 9.252168282347016159e+00
6.369863013698630061e-01 9.184109478016933892e+00
6.438356164383561842e-01 9.115067992170621025e+00
6.506849315068493622e-01 9.045109828559647625e+00
6.575342465753424293e-01 8.974298898875955999e+00
6.643835616438356073e-01 8.902697066001262982e+00
6.712328767123287854e-01 8.830364187362414796e+00
6.780821917808219634e-01 8.757358158304608509e+00
6.849315068493150305e-01 8.683734955402140798e+00
6.917808219178082085e-01 8.609548679634047019e+00
6.986301369863013866e-01 8.534851599358388441e+00
7.054794520547945647e-01 8.459694193025582010e+00
7.123287671232876317e-01 8.384125191576638159e+00
7.191780821917808098e-01 8.308191620477952455e+00
7.260273972602739878e-01 8.231938841348842573e+00
7.328767123287671659e-01 8.155410593142978115e+00
7.397260273972602329e-01 8.078649032848831624e+00
7.465753424657534110e-01 8.001694775678428684e+00
7.534246575342465890e-01 7.924586934717068765e+00
7.602739726027397671e-01 7.847363160010253580e+00
7.671232876712328341e-01 7.770059677066941006e+00
7.739726027397260122e-01 7.692711324761300595e+00
7.808219178082191902e-01 7.615351592617500387e+00
7.876712328767123683e-01 7.538012657464784994e+00
7.945205479452054353e-01 7.460725419452016283e+00
8.013698630136986134e-01 7.383519537413078204e+00
8.082191780821917915e-01 7.306423463576422250e+00
8.150684931506849695e-01 7.229464477613600337e+00
8.219178082191780366e-01 7.152668720023415361e+00
8.287671232876712146e-01 7.076061224849512499e+00
8.356164383561643927e-01 6.999665951730885460e+00
8.424657534246575707e-01 6.923505817285604103e+00
8.493150684931506378e-01 6.847602725829454506e+00
8.561643835616438158e-01 6.771977599432072559e+00
8.630136986301369939e-01 6.696650407314019837e+00
8.698630136986301720e-01 6.621640194589138773e+00
8.767123287671232390e-01 6.546965110357311879e+00
8.835616438356164171e-01 6.472642435153207252e+00
8.904109589041095951e-01 6.398688607757551772e+00
8.972602739726027732e-01 6.325119251377560481e+00
9.041095890410958402e-01 6.251949199204129393e+00
9.109589041095890183e-01 6.179192519353376767e+00
9.178082191780821963e-01 6.106862539200782258e+00
9.246575342465753744e-01 6.034971869116460219e+00
9.315068493150684414e-01 5.963532425610180709e+00
9.383561643835616195e-01 5.892555453895408135e+00
9.452054794520547976e-01 5.822051549881403609e+00
9.520547945205479756e-01 5.752030681602879447e+00
9.589041095890410427e-01 5.682502210096830986e+00
9.657534246575342207e-01 5.613474909736170027e+00
9.726027397260273988e-01 5.544956988029960065e+00
9.794520547945205768e-01 5.476956104900144950e+00
9.863013698630136439e-01 5.409479391444648400e+00
9.931506849315068219e-01 5.342533468196742241e+00
1.000000000000000000e+00 5.276124462890716238e+00
1.006849315068493178e+00 5.210258027743694953e+00
1.013698630136986356e+00 5.144939356263539487e+00
1.020547945205479534e+00 5.080173199592707078e+00
1.027397260273972712e+00 5.015963882397898033e+00
1.034246575342465668e+00 4.952315318315230641e+00
1.041095890410958846e+00 4.889231024960604799e+00
1.047945205479452024e+00 4.826714138514923036e+00
1.054794520547945202e+00 4.764767427893592533e+00
1.061643835616438380e+00 4.703393308509793869e+00
1.068493150684931559e+00 4.642593855640739342e+00
1.075342465753424737e+00 4.582370817406215657e+00
1.082191780821917915e+00 4.522725627368338053e+00
1.089041095890410871e+00 4.463659416761642795e+00
1.095890410958904049e+00 4.405173026362154687e+00
1.102739726027397227e+00 4.347267018004285610e+00
1.109589041095890405e+00 4.289941685753971612e+00
1.116438356164383583e+00 4.233197066746624770e+00
1.123287671232876761e+00 4.177032951698036456e+00
1.130136986301369939e+00 4.121448895096434306e+00
1.136986301369863117e+00 4.066444225083758468e+00
1.143835616438356073e+00 4.012018053033862053e+00
1.150684931506849251e+00 3.958169282835493075e+00
1.157534246575342429e+00 3.904896619887524345e+00
1.164383561643835607e+00 3.852198579813931989e+00
1.171232876712328785e+00 3.800073496905709725e+00
1.178082191780821963e+00 3.748519532296965107e+00
1.184931506849315141e+00 3.697534681882055807e+00
1.191780821917808320e+00 3.647116783980745236e+00
1.198630136986301276e+00 3.597263526757968233e+00
1.205479452054794454e+00 3.547972455404851289e+00
1.212328767123287632e+00 3.499240979087355985e+00
1.219178082191780810e+00 3.451066377668845497e+00
1.226027397260273988e+00 3.403445808212751444e+00
1.232876712328767166e+00 3.356376311271260349e+00
1.239726027397260344e+00 3.309854816966031787e+00
1.246575342465753522e+00 3.263878150866533101e+00
1.253424657534246478e+00 3.218443039671742500e+00
1.260273972602739656e+00 3.173546116700569630e+00
1.267123287671232834e+00 3.129183927196491410e+00
1.273972602739726012e+00 3.085352933451478208e+00
1.280821917808219190e+00 3.042049519754441711e+00
1.287671232876712368e+00 2.999269997169075719e+00
1.294520547945205546e+00 2.957010608146064534e+00
1.301369863013698724e+00 2.915267530974296140e+00
1.308219178082191680e+00 2.874036884075779952e+00
1.315068493150684859e+00 2.833314730148738469e+00
1.321917808219178037e+00 2.793097080163315038e+00
1.328767123287671215e+00 2.753379897214155658e+00
1.335616438356164393e+00 2.714159100234057043e+00
1.342465753424657571e+00 2.675430567572778529e+00
1.349315068493150749e+00 2.637190140444975128e+00
1.356164383561643927e+00 2.599433626251131280e+00
1.363013698630136883e+00 2.562156801775260728e+00
1.369863013698630061e+00 2.525355416263082464e+00
1.376712328767123239e+00 2.489025194384212103e+00
1.383561643835616417e+00 2.453161839081895668e+00
1.390410958904109595e+00 2.417761034313636426e+00
1.397260273972602773e+00 2.382818447686102736e+00
1.404109589041095951e+00 2.348329732987433527e+00
1.410958904109589129e+00 2.314290532620181029e+00
1.417808219178082085e+00 2.280696479937852406e+00
1.424657534246575263e+00 2.247543201488094056e+00
1.431506849315068441e+00 2.214826319165362989e+00
1.438356164383561620e+00 2.182541452275915894e+00
1.445205479452054798e+00 2.150684219517839058e+00
1.452054794520547976e+00 2.119250240878814751e+00
1.458904109589041154e+00 2.088235139454163392e+00
1.465753424657534332e+00 2.057634543187712328e+00
1.472602739726027288e+00 2.027444086537956380e+00
1.479452054794520466e+00 1.997659412071829177e+00
1.486301369863013644e+00 1.968276171988477152e+00
1.493150684931506822e+00 1.939290029575224006e+00
1.500000000000000000e+00 1.910696660597952956e+00
1.506849315068493178e+00 1.882491754628023317e+00
1.513698630136986356e+00 1.854671016307771536e+00
1.520547945205479534e+00 1.827230166556623958e+00
1.527397260273972712e+00 1.800164943719785970e+00
1.534246575342465668e+00 1.773471104661354047e+00
1.541095890410958846e+00 1.747144425803753842e+00
1.547945205479452024e+00 1.721180704115249149e+00
1.554794520547945202e+00 1.695575758047283221e+00
1.561643835616438380e+00 1.670325428423331537e+00
1.568493150684931559e+00 1.645425579280897832e+00
1.575342465753424737e+00 1.620872098668281192e+00
1.582191780821917915e+00 1.596660899397605693e+00
1.589041095890410871e+00 1.572787919755659569e+00
1.595890410958904049e+00 1.549249124173968761e+00
1.602739726027397227e+00 1.526040503859550812e+00
1.609589041095890405e+00 1.503158077387696911e+00
1.616438356164383583e+00 1.480597891258105703e+00
1.623287671232876761e+00 1.458356020415702226e+00
1.630136986301369939e+00 1.436428568737356359e+00
1.636986301369863117e+00 1.414811669485732448e+00
1.643835616438356073e+00 1.393501485731459599e+00
1.650684931506849251e+00 1.372494210744738874e+00
1.657534246575342429e+00 1.351786068357546666e+00
1.664383561643835607e+00 1.331373313297454564e+00
1.671232876712328785e+00 1.311252231494156151e+00
1.678082191780821963e+00 1.291419140359685969e+00
1.684931506849315141e+00 1.271870389043326721e+00
1.691780821917808320e+00 1.252602358662150861e+00
1.698630136986301276e+00 1.233611462508118706e+00
1.705479452054794454e+00 1.214894146232633032e+00
1.712328767123287632e+00 1.196446888009410126e+00
1.719178082191780810e+00 1.178266198676512611e+00
1.726027397260273988e+00 1.160348621858354301e+00
1.732876712328767166e+00 1.142690734068466218e+00
1.739726027397260344e+00 1.125289144793793605e+00
1.746575342465753522e+00 1.108140496561252242e+00
1.753424657534246478e+00 1.091241464987267928e+00
1.760273972602739656e+00 1.074588758810997913e+00
1.767123287671232834e+00 1.058179119911897281e+00
1.773972602739726012e+00 1.042009323312283353e+00
1.780821917808219190e+00 1.026076177165526460e+00
1.787671232876712368e+00 1.010376522730488169e+00
1.794520547945205546e+00 9.949072343327771684e-01
1.801369863013698724e+00 9.796652193134126607e-01
1.808219178082191680e+00 9.646474179654352943e-01
1.815068493150684859e+00 9.498508034590065208e-01
1.821917808219178037e+00 9.352723817555086416e-01
1.828767123287671215e+00 9.209091915111546900e-01
1.835616438356164393e+00 9.067583039705753301e-01
1.842465753424657571e+00 8.928168228508742699e-01
1.849315068493150749e+00 8.790818842165752933e-01
1.856164383561643927e+00 8.655506563459267610e-01
1.863013698630136883e+00 8.522203395889629274e-01
1.869863013698630061e+00 8.390881662177469558e-01
1.876712328767123239e+00 8.261514002691828784e-01
1.883561643835616417e+00 8.134073373807643170e-01
1.890410958904109595e+00 8.008533046196657512e-01
1.897260273972602773e+00 7.884866603054886403e-01
1.904109589041095951e+00 7.763047938270281056e-01
1.910958904109589129e+00 7.643051254533974603e-01
1.917808219178082085e+00 7.524851061398056817e-01
1.924657534246575263e+00 7.408422173283316647e-01
1.931506849315068441e+00 7.293739707439527153e-01
1.938356164383561620e+00 7.180779081861533575e-01
1.945205479452054798e+00 7.069516013163646972e-01
1.952054794520547976e+00 6.959926514415083476e-01
1.958904109589041154e+00 6.851986892939181395e-01
1.965753424657534332e+00 6.745673748078595544e-01
1.972602739726027288e+00 6.640963968929134431e-01
1.979452054794520466e+00 6.537834732044358610e-01
1.986301369863013644e+00 6.436263499113301645e-01
1.993150684931506822e+00 6.336228014613342063e-01
2.000000000000000000e+00 6.237706303440346822e-01
2.006849315068492956e+00 6.140676668518071368e-01
2.013698630136986356e+00 6.045117688388683685e-01
2.020547945205479312e+00 5.951008214786351891e-01
2.027397260273972712e+00 5.858327370195441919e-01
2.034246575342465668e+00 5.767054545395340348e-01
2.041095890410959068e+00 5.677169396993226869e-01
2.047945205479452024e+00 5.588651844946609382e-01
2.054794520547945424e+00 5.501482070076914033e-01
2.061643835616438380e+00 5.415640511575784410e-01
2.068493150684931337e+00 5.331107864505315597e-01
2.075342465753424737e+00 5.247865077293685232e-01
2.082191780821917693e+00 5.165893349227281828e-01
2.089041095890411093e+00 5.085174127940834676e-01
2.095890410958904049e+00 5.005689106906393571e-01
2.102739726027397449e+00 4.927420222922543336e-01
2.109589041095890405e+00 4.850349653604879574e-01
2.116438356164383361e+00 4.774459814878585506e-01
2.123287671232876761e+00 4.699733358474387779e-01
2.130136986301369717e+00 4.626153169428657286e-01
2.136986301369863117e+00 4.553702363588557622e-01
2.143835616438356073e+00 4.482364285123199288e-01
2.150684931506849473e+00 4.412122504041529614e-01
2.157534246575342429e+00 4.342960813717793855e-01
2.164383561643835829e+00 4.274863228425330175e-01
2.171232876712328785e+00 4.207813980879348548e-01
2.178082191780821741e+00 4.141797519789424675e-01
2.184931506849315141e+00 4.076798507422362827e-01
2.191780821917808098e+00 4.012801817176016583e-01
2.198630136986301498e+00 3.949792531164647569e-01
2.205479452054794454e+00 3.887755937816398943e-01
2.212328767123287854e+00 3.826677529483369367e-01
2.219178082191780810e+00 3.766543000064905278e-01
2.226027397260273766e+00 3.707338242644376280e-01
2.232876712328767166e+00 3.649049347140067012e-01
2.239726027397260122e+00 3.591662597970550763e-01
2.246575342465753522e+00 3.535164471734847380e-01
2.253424657534246478e+00 3.479541634907918346e-01
2.260273972602739878e+00 3.424780941551653912e-01
2.267123287671232834e+00 3.370869431041876307e-01
2.273972602739726234e+00 3.317794325811461165e-01
2.280821917808219190e+00 3.265543029110070661e-01
2.287671232876712146e+00 3.214103122780607169e-01
2.294520547945205546e+00 3.163462365052749359e-01
2.301369863013698502e+00 3.113608688353688980e-01
2.308219178082191902e+00 3.064530197136413614e-01
2.315068493150684859e+00 3.016215165725682490e-01
2.321917808219178259e+00 2.968652036181743115e-01
2.328767123287671215e+00 2.921829416182247230e-01
2.335616438356164171e+00 2.875736076922231210e-01
2.342465753424657571e+00 2.830360951032444006e-01
2.349315068493150527e+00 2.785693130516160299e-01
2.356164383561643927e+00 2.741721864704470546e-01
2.363013698630136883e+00 2.698436558230317694e-01
2.369863013698630283e+00 2.655826769021180644e-01
2.376712328767123239e+00 2.613882206310664258e-01
2.383561643835616639e+00 2.572592728668847140e-01
2.390410958904109595e+00 2.531948342051718037e-01
2.397260273972602551e+00 2.491939197869405265e-01
2.404109589041095951e+00 2.452555591073534436e-01
2.410958904109588907e+00 2.413787958263579059e-01
2.417808219178082307e+00 2.375626875812198169e-01
2.424657534246575263e+00 2.338063058009695883e-01
2.431506849315068663e+00 2.301087355227429132e-01
2.438356164383561620e+00 2.264690752100319837e-01
2.445205479452054576e+00 2.228864365728331631e-01
2.452054794520547976e+00 2.193599443896893653e-01
2.458904109589040932e+00 2.158887363316336350e-01
2.465753424657534332e+00 2.124719627880183592e-01
2.472602739726027288e+00 2.091087866942274998e-01
2.479452054794520688e+00 2.057983833612760105e-01
2.486301369863013644e+00 2.025399403072756233e-01
2.493150684931507044e+00 1.993326570907711370e-01
2.500000000000000000e+00 1.961757451459416601e-01
2.506849315068492956e+00 1.930684276196444615e-01
2.513698630136986356e+00 1.900099392103117846e-01
2.520547945205479312e+00 1.869995260086839417e-01
2.527397260273972712e+00 1.840364453403618705e-01
2.534246575342465668e+00 1.811199656101897537e-01
2.541095890410959068e+00 1.782493661484323144e-01
2.547945205479452024e+00 1.754239370587619140e-01
2.554794520547945424e+00 1.726429790680271692e-01
2.561643835616438380e+00 1.699058033777990084e-01
2.568493150684931337e+00 1.672117315176840924e-01
2.575342465753424737e+00 1.645600952003917206e-01
2.582191780821917693e+00 1.619502361785432609e-01
2.589041095890411093e+00 1.593815061032120284e-01
2.595890410958904049e+00 1.568532663841849806e-01
2.602739726027397449e+00 1.543648880519233602e-01
2.609589041095890405e+00 1.519157516212270576e-01
2.616438356164383361e+00 1.495052469565689990e-01
2.623287671232876761e+00 1.471327731391061377e-01
2.630136986301369717e+00 1.447977383353402925e-01
2.636986301369863117e+00 1.424995596674206166e-01
2.643835616438356073e+00 1.402376630850755979e-01
2.650684931506849473e+00 1.380114832391586277e-01
2.657534246575342429e+00 1.358204633567922648e-01
2.664383561643835829e+00 1.336640551181013103e-01
2.671232876712328785e+00 1.315417185345192919e-01
2.678082191780821741e+00 1.294529218286486483e-01
2.684931506849315141e+00 1.273971413156727017e-01
2.691780821917808098e+00 1.253738612862918544e-01
2.698630136986301498e+00 1.233825738911782516e-01
2.705479452054794454e+00 1.214227790269346713e-01
2.712328767123287854e+00 1.194939842235350352e-01
2.719178082191780810e+00 1.175957045332447631e-01
2.726027397260273766e+00 1.157274624209942010e-01
2.732876712328767166e+00 1.138887876562002521e-01
2.739726027397260122e+00 1.120792172060162545e-01
2.746575342465753522e+00 1.102982951299959213e-01
2.753424657534246478e+00 1.085455724761615892e-01
2.760273972602739878e+00 1.068206071784561506e-01
2.767123287671232834e+00 1.051229639555679718e-01
2.773972602739726234e+00 1.034522142111139742e-01
2.780821917808219190e+00 1.018079359351655860e-01
2.787671232876712146e+00 1.001897136071033811e-01
2.794520547945205546e+00 9.859713809978630505e-02
2.801369863013698502e+00 9.702980658502356748e-02
2.808219178082191902e+00 9.548732244032741290e-02
2.815068493150684859e+00 9.396929515694416035e-02
2.821917808219178259e+00 9.247534024913792172e-02
2.828767123287671215e+00 9.100507916472076742e-02
2.835616438356164171e+00 8.955813919681127055e-02
2.842465753424657571e+00 8.813415339680946703e-02
2.849315068493150527e+00 8.673276048857345155e-02
2.856164383561643927e+00 8.535360478378313520e-02
2.863013698630136883e+00 8.399633609847949323e-02
2.869863013698630283e+00 8.266060967076276078e-02
2.876712328767123239e+00 8.134608607963955684e-02
2.883561643835616639e+00 8.005243116500056211e-02
2.890410958904109595e+00 7.877931594872160381e-02
2.897260273972602551e+00 7.752641655686771938e-02
2.904109589041095951e+00 7.629341414299291302e-02
2.910958904109588907e+00 7.507999481251981244e-02
2.917808219178082307e+00 7.388584954818480655e-02
2.924657534246575263e+00 7.271067413653914402e-02
2.931506849315068663e+00 7.155416909548963089e-02
2.938356164383561620e+00 7.041603960286840769e-02
2.945205479452054576e+00 6.929599542601862228e-02
2.952054794520547976e+00 6.819375085238184309e-02
2.958904109589040932e+00 6.710902462107724842e-02
2.965753424657534332e+00 6.604153985545843653e-02
2.972602739726027288e+00 6.499102399663626850e-02
2.979452054794520688e+00 6.395720873795363026e-02
2.986301369863013644e+00 6.293982996040532740e-02
2.993150684931507044e+00 6.193862766898299704e-02
3.000000000000000000e+00 6.095334592994110234e-02
3.006849315068492956e+00 5.998373280896726611e-02
3.013698630136986356e+00 5.902954031024660458e-02
3.020547945205479312e+00 5.809052431640961134e-02
3.027397260273972712e+00 5.716644452935002590e-02
3.034246575342465668e+00 5.625706441190361784e-02
3.041095890410959068e+00 5.536215113037454977e-02
3.047945205479452024e+00 5.448147549790000044e-02
3.054794520547945424e+00 5.361481191864054391e-02
3.061643835616438380e+00 5.276193833278672307e-02
3.068493150684931337e+00 5.192263616236931362e-02
3.075342465753424737e+00 5.109669025786495178e-02
3.082191780821917693e+00 5.028388884558405991e-02
3.089041095890411093e+00 4.948402347583204935e-02
3.095890410958904049e+00 4.869688897183374610e-02
3.102739726027397449e+00 4.792228337940936805e-02
3.109589041095890405e+00 4.716000791739299175e-02
3.116438356164383361e+00 4.640986692878355802e-02
3.123287671232876761e+00 4.567166783261739776e-02
3.130136986301369717e+00 4.494522107655396503e-02
3.136986301369863117e+00 4.423034009016402895e-02
3.143835616438356073e+00 4.352684123891072121e-02
3.150684931506849473e+00 4.283454377881454334e-02
3.157534246575342429e+00 4.215326981179260551e-02
3.164383561643835829e+00 4.148284424166252815e-02
3.171232876712328785e+00 4.082309473080272116e-02
3.178082191780821741e+00 4.017385165745881309e-02
3.184931506849315141e+00 3.953494807368795882e-02
3.191780821917808098e+00 3.890621966393265768e-02
3.198630136986301498e+00 3.828750470421361102e-02
3.205479452054794454e+00 3.767864402193509682e-02
3.212328767123287854e+00 3.707948095629265417e-02
3.219178082191780810e+00 3.648986131927545867e-02
3.226027397260273766e+00 3.590963335725499972e-02
3.232876712328767166e+00 3.533864771315130271e-02
3.239726027397260122e+00 3.477675738916900794e-02
3.246575342465753522e+00 3.422381771009554846e-02
3.253424657534246478e+00 3.367968628715221902e-02
3.260273972602739878e+00 3.314422298239178694e-02
3.267123287671232834e+00 3.261728987363453347e-02
3.273972602739726234e+00 3.209875121993337882e-02
3.280821917808219190e+00 3.158847342756358756e-02
3.287671232876712146e+00 3.108632501652661140e-02
3.294520547945205546e+00 3.059217658756262920e-02
3.301369863013698502e+00 3.010590078966408206e-02
3.308219178082191902e+00 2.962737228808160275e-02
3.315068493150684859e+00 2.915646773281785689e-02
3.321917808219178259e+00 2.869306572760006377e-02
3.328767123287671215e+00 2.823704679932498990e-02
3.335616438356164171e+00 2.778829336796987196e-02
3.342465753424657571e+00 2.734668971696247591e-02
3.349315068493150527e+00 2.691212196400310716e-02
3.356164383561643927e+00 2.648447803233247577e-02
3.363013698630136883e+00 2.606364762243896377e-02
3.369863013698630283e+00 2.564952218419849078e-02
3.376712328767123239e+00 2.524199488944116332e-02
3.383561643835616639e+00 2.484096060493815733e-02
3.390410958904109595e+00 2.444631586580247110e-02
3.397260273972602551e+00 2.405795884929849693e-02
3.404109589041095951e+00 2.367578934905257768e-02
3.410958904109588907e+00 2.329970874966121042e-02
3.417808219178082307e+00 2.292962000168801556e-02
3.424657534246575263e+00 2.256542759704664031e-02
3.431506849315068663e+00 2.220703754476198444e-02
3.438356164383561620e+00 2.185435734710476641e-02
3.445205479452054576e+00 2.150729597609410057e-02
3.452054794520547976e+00 2.116576385036261429e-02
3.458904109589040932e+00 2.082967281237799173e-02
3.465753424657534332e+00 2.049893610601681224e-02
3.472602739726027288e+00 2.017346835448488931e-02
3.479452054794520688e+00 1.985318553857823992e-02
3.486301369863013644e+00 1.953800497528141236e-02
3.493150684931507044e+00 1.922784529669588696e-02
3.500000000000000000e+00 1.892262642929577396e-02
