5.000000000000000278e-02 1.227381416713132900e+01
1.500000000000000222e-01 1.370836161416901788e+01
2.500000000000000555e-01 1.412817887439691411e+01
3.500000000000000333e-01 1.619650644508796944e+01
4.500000000000000666e-01 3.371419949664245053e+01
6.500000000000000222e-01 1.662289272054979961e+01
7.500000000000000000e-01 1.558328196210745098e+01
8.499999999999999778e-01 1.670346823032578953e+01
9.499999999999999556e-01 1.857573450095722478e+01
1.049999999999999822e+00 2.335933800897293011e+01
1.149999999999999911e+00 2.567921258797128559e+01
1.250000000000000000e+00 2.730376517292554084e+01
1.349999999999999867e+00 4.344220868250549472e+01
1.449999999999999734e+00 4.771055586681476512e+01
1.549999999999999822e+00 5.874676338124482555e+01
1.649999999999999911e+00 9.157700805871559169e+01
1.749999999999999556e+00 1.528706470435539018e+02
1.849999999999999645e+00 1.589192774751829234e+02
