1.499999999999999944e-01 1.322019944987631327e-05
2.500000000000000000e-01 9.165931663309111933e-06
3.499999999999999778e-01 7.430100607538521101e-06
4.500000000000000666e-01 6.439910294873095543e-06
5.500000000000000444e-01 5.746038357411370693e-06
6.500000000000000222e-01 5.276099770845273649e-06
7.500000000000001110e-01 4.936800813800655550e-06
8.500000000000000888e-01 5.017151500163225623e-06
9.500000000000000666e-01 5.598071489280353554e-06
1.050000000000000044e+00 5.891494978976997912e-06
1.149999999999999911e+00 6.105188233427629235e-06
1.250000000000000000e+00 6.363257514955378162e-06
1.350000000000000089e+00 7.215863799683715141e-06
1.449999999999999956e+00 8.655525397261529133e-06
1.550000000000000044e+00 1.120756964035454940e-05
1.649999999999999911e+00 1.821095266404300982e-05
1.750000000000000000e+00 2.958975911401463306e-05
1.850000000000000089e+00 4.177365562786029878e-05
