5.000000000000000278e-02 1.251814138041742375e+01
1.500000000000000222e-01 1.285629064293163104e+01
2.500000000000000555e-01 1.235483123241968073e+01
3.500000000000000333e-01 1.364441452078008687e+01
4.500000000000000666e-01 2.880392660298189611e+01
6.500000000000000222e-01 1.188977513486793391e+01
7.500000000000000000e-01 1.059517052403843529e+01
8.499999999999999778e-01 1.105801557542188895e+01
9.499999999999999556e-01 1.207873911420675839e+01
1.049999999999999822e+00 1.507931725022638503e+01
1.149999999999999911e+00 1.620442626538249797e+01
1.250000000000000000e+00 1.675322676920722742e+01
1.349999999999999867e+00 2.639291421343574484e+01
1.449999999999999734e+00 2.811554035959948195e+01
1.549999999999999822e+00 3.367461631279205392e+01
1.649999999999999911e+00 5.104986375387567676e+01
1.749999999999999556e+00 8.210913264092204145e+01
1.849999999999999645e+00 8.308396284020847133e+01
