5.000000000000000278e-02 2.850012193679403075e-05
1.500000000000000222e-01 1.153300618402641127e-05
2.500000000000000555e-01 7.751660930270805097e-06
3.500000000000000333e-01 6.734644020217251123e-06
4.500000000000000666e-01 1.079159273059884111e-05
6.500000000000000222e-01 4.940218800890934827e-06
7.500000000000000000e-01 4.440505061521617844e-06
8.499999999999999778e-01 4.527225062720686233e-06
9.499999999999999556e-01 4.801879382542827513e-06
1.049999999999999822e+00 5.714603032043776653e-06
1.149999999999999911e+00 6.138416149290544574e-06
1.250000000000000000e+00 6.491476823086613262e-06
1.349999999999999867e+00 9.964261522196634052e-06
1.449999999999999734e+00 1.108399984527909932e-05
1.549999999999999822e+00 1.381622446455987583e-05
1.649999999999999911e+00 2.192257810939406013e-05
1.749999999999999556e+00 3.819612771958385595e-05
1.849999999999999645e+00 4.066404101240198650e-05
