2.300000E-01 1.142481E-08
2.321176E-01 1.513535E-08
2.342353E-01 2.000664E-08
2.363529E-01 2.638725E-08
2.384706E-01 3.472581E-08
2.405882E-01 4.559831E-08
2.427059E-01 5.974250E-08
2.448235E-01 7.810094E-08
2.469412E-01 1.018749E-07
2.490588E-01 1.325918E-07
2.511765E-01 1.721886E-07
2.532941E-01 2.231158E-07
2.554118E-01 2.884658E-07
2.575294E-01 3.721317E-07
2.596471E-01 4.790019E-07
2.617647E-01 6.151996E-07
2.638824E-01 7.883755E-07
2.660000E-01 1.008065E-06
2.681176E-01 1.286121E-06
2.702353E-01 1.637245E-06
2.723529E-01 2.079619E-06
2.744706E-01 2.635676E-06
2.765882E-01 3.333024E-06
2.787059E-01 4.205554E-06
2.808235E-01 5.294759E-06
2.829412E-01 6.651313E-06
2.850588E-01 8.336944E-06
2.871765E-01 1.042664E-05
2.892941E-01 1.301129E-05
2.914118E-01 1.620073E-05
2.935294E-01 2.012737E-05
2.956471E-01 2.495041E-05
2.977647E-01 3.086076E-05
2.998824E-01 3.808674E-05
3.020000E-01 4.690069E-05
3.041176E-01 5.762658E-05
3.062353E-01 7.064878E-05
3.083529E-01 8.642210E-05
3.104706E-01 1.054832E-04
3.125882E-01 1.284635E-04
3.147059E-01 1.561042E-04
3.168235E-01 1.892725E-04
3.189412E-01 2.289807E-04
3.210588E-01 2.764066E-04
3.231765E-01 3.329172E-04
3.252941E-01 4.000942E-04
3.274118E-01 4.797628E-04
3.295294E-01 5.740227E-04
3.316471E-01 6.852828E-04
3.337647E-01 8.162982E-04
3.358824E-01 9.702107E-04
3.380000E-01 1.150593E-03
3.401176E-01 1.361493E-03
3.422353E-01 1.607486E-03
3.443529E-01 1.893727E-03
3.464706E-01 2.226004E-03
3.485882E-01 2.610794E-03
3.507059E-01 3.055325E-03
3.528235E-01 3.567637E-03
3.549412E-01 4.156636E-03
3.570588E-01 4.832164E-03
3.591765E-01 5.605050E-03
3.612941E-01 6.487175E-03
3.634118E-01 7.491521E-03
3.655294E-01 8.632222E-03
3.676471E-01 9.924610E-03
3.697647E-01 1.138525E-02
3.718824E-01 1.303196E-02
3.740000E-01 1.488385E-02
3.761176E-01 1.696130E-02
3.782353E-01 1.928596E-02
3.803529E-01 2.188072E-02
3.824706E-01 2.476966E-02
3.845882E-01 2.797801E-02
3.867059E-01 3.153202E-02
3.888235E-01 3.545889E-02
3.909412E-01 3.978658E-02
3.930588E-01 4.454370E-02
3.951765E-01 4.975930E-02
3.972941E-01 5.546264E-02
3.994118E-01 6.168292E-02
4.015294E-01 6.844909E-02
4.036471E-01 7.578942E-02
4.057647E-01 8.373128E-02
4.078824E-01 9.230074E-02
4.100000E-01 1.015222E-01
4.121176E-01 1.114178E-01
4.142353E-01 1.220076E-01
4.163529E-01 1.333083E-01
4.184706E-01 1.453335E-01
4.205882E-01 1.580930E-01
4.227059E-01 1.715923E-01
4.248235E-01 1.858323E-01
4.269412E-01 2.008088E-01
4.290588E-01 2.165123E-01
4.311765E-01 2.329274E-01
4.332941E-01 2.500328E-01
4.354118E-01 2.678005E-01
4.375294E-01 2.861964E-01
4.396471E-01 3.051794E-01
4.417647E-01 3.247017E-01
4.438824E-01 3.447085E-01
4.460000E-01 3.651386E-01
4.481176E-01 3.859240E-01
4.502353E-01 4.069902E-01
4.523529E-01 4.282570E-01
4.544706E-01 4.496381E-01
4.565882E-01 4.710425E-01
4.587059E-01 4.923742E-01
4.608235E-01 5.135334E-01
4.629412E-01 5.344171E-01
4.650588E-01 5.549199E-01
4.671765E-01 5.749346E-01
4.692941E-01 5.943535E-01
4.714118E-01 6.130691E-01
4.735294E-01 6.309753E-01
4.756471E-01 6.479678E-01
4.777647E-01 6.639461E-01
4.798824E-01 6.788134E-01
4.820000E-01 6.924784E-01
4.841176E-01 7.048558E-01
4.862353E-01 7.158675E-01
4.883529E-01 7.254428E-01
4.904706E-01 7.335200E-01
4.925882E-01 7.400465E-01
4.947059E-01 7.449794E-01
4.968235E-01 7.482863E-01
4.989412E-01 7.499453E-01
5.010588E-01 7.499453E-01
5.031765E-01 7.482863E-01
5.052941E-01 7.449794E-01
5.074118E-01 7.400465E-01
5.095294E-01 7.335200E-01
5.116471E-01 7.254428E-01
5.137647E-01 7.158675E-01
5.158824E-01 7.048558E-01
5.180000E-01 6.924784E-01
5.201176E-01 6.788134E-01
5.222353E-01 6.639461E-01
5.243529E-01 6.479678E-01
5.264706E-01 6.309753E-01
5.285882E-01 6.130691E-01
5.307059E-01 5.943535E-01
5.328235E-01 5.749346E-01
5.349412E-01 5.549199E-01
5.370588E-01 5.344171E-01
5.391765E-01 5.135334E-01
5.412941E-01 4.923742E-01
5.434118E-01 4.710425E-01
5.455294E-01 4.496381E-01
5.476471E-01 4.282570E-01
5.497647E-01 4.069902E-01
5.518824E-01 3.859240E-01
5.540000E-01 3.651386E-01
5.561176E-01 3.447085E-01
5.582353E-01 3.247017E-01
5.603529E-01 3.051794E-01
5.624706E-01 2.861964E-01
5.645882E-01 2.678005E-01
5.667059E-01 2.500328E-01
5.688235E-01 2.329274E-01
5.709412E-01 2.165123E-01
5.730588E-01 2.008088E-01
5.751765E-01 1.858323E-01
5.772941E-01 1.715923E-01
5.794118E-01 1.580930E-01
5.815294E-01 1.453335E-01
5.836471E-01 1.333083E-01
5.857647E-01 1.220076E-01
5.878824E-01 1.114178E-01
5.900000E-01 1.015222E-01
5.921176E-01 9.230074E-02
5.942353E-01 8.373128E-02
5.963529E-01 7.578942E-02
5.984706E-01 6.844909E-02
6.005882E-01 6.168292E-02
6.027059E-01 5.546264E-02
6.048235E-01 4.975930E-02
6.069412E-01 4.454370E-02
6.090588E-01 3.978658E-02
6.111765E-01 3.545889E-02
6.132941E-01 3.153202E-02
6.154118E-01 2.797801E-02
6.175294E-01 2.476966E-02
6.196471E-01 2.188072E-02
6.217647E-01 1.928596E-02
6.238824E-01 1.696130E-02
6.260000E-01 1.488385E-02
6.281176E-01 1.303196E-02
6.302353E-01 1.138525E-02
6.323529E-01 9.924610E-03
6.344706E-01 8.632222E-03
6.365882E-01 7.491521E-03
6.387059E-01 6.487175E-03
6.408235E-01 5.605050E-03
6.429412E-01 4.832164E-03
6.450588E-01 4.156636E-03
6.471765E-01 3.567637E-03
6.492941E-01 3.055325E-03
6.514118E-01 2.610794E-03
6.535294E-01 2.226004E-03
6.556471E-01 1.893727E-03
6.577647E-01 1.607486E-03
6.598824E-01 1.361493E-03
6.620000E-01 1.150593E-03
6.641176E-01 9.702107E-04
6.662353E-01 8.162982E-04
6.683529E-01 6.852828E-04
6.704706E-01 5.740227E-04
6.725882E-01 4.797628E-04
6.747059E-01 4.000942E-04
6.768235E-01 3.329172E-04
6.789412E-01 2.764066E-04
6.810588E-01 2.289807E-04
6.831765E-01 1.892725E-04
6.852941E-01 1.561042E-04
6.874118E-01 1.284635E-04
6.895294E-01 1.054832E-04
6.916471E-01 8.642210E-05
6.937647E-01 7.064878E-05
6.958824E-01 5.762658E-05
6.980000E-01 4.690069E-05
7.001176E-01 3.808674E-05
7.022353E-01 3.086076E-05
7.043529E-01 2.495041E-05
7.064706E-01 2.012737E-05
7.085882E-01 1.620073E-05
7.107059E-01 1.301129E-05
7.128235E-01 1.042664E-05
7.149412E-01 8.336944E-06
7.170588E-01 6.651313E-06
7.191765E-01 5.294759E-06
7.212941E-01 4.205554E-06
7.234118E-01 3.333024E-06
7.255294E-01 2.635676E-06
7.276471E-01 2.079619E-06
7.297647E-01 1.637245E-06
7.318824E-01 1.286121E-06
7.340000E-01 1.008065E-06
7.361176E-01 7.883755E-07
7.382353E-01 6.151996E-07
7.403529E-01 4.790019E-07
7.424706E-01 3.721317E-07
7.445882E-01 2.884658E-07
7.467059E-01 2.231158E-07
7.488235E-01 1.721886E-07
7.509412E-01 1.325918E-07
7.530588E-01 1.018749E-07
7.551765E-01 7.810094E-08
7.572941E-01 5.974250E-08
7.594118E-01 4.559831E-08
7.615294E-01 3.472581E-08
7.636471E-01 2.638725E-08
7.657647E-01 2.000664E-08
7.678824E-01 1.513535E-08
7.700000E-01 1.142481E-08
