0.000000E+00 0.000000E+00
1.176471E-02 8.514938E-02
2.352941E-02 3.050893E-01
3.529412E-02 6.223296E-01
4.705882E-02 1.010143E+00
5.882353E-02 1.448196E+00
7.058824E-02 1.920590E+00
8.235294E-02 2.414722E+00
9.411765E-02 2.920519E+00
1.058824E-01 3.429907E+00
1.176471E-01 3.936415E+00
1.294118E-01 4.434869E+00
1.411765E-01 4.921157E+00
1.529412E-01 5.392047E+00
1.647059E-01 5.845026E+00
1.764706E-01 6.278185E+00
1.882353E-01 6.690116E+00
2.000000E-01 7.079824E+00
2.117647E-01 7.446663E+00
2.235294E-01 7.790274E+00
2.352941E-01 8.110538E+00
2.470588E-01 8.407532E+00
2.588235E-01 8.681495E+00
2.705882E-01 8.932802E+00
2.823529E-01 9.161930E+00
2.941176E-01 9.369449E+00
3.058824E-01 9.555991E+00
3.176471E-01 9.722245E+00
3.294118E-01 9.868937E+00
3.411765E-01 9.996821E+00
3.529412E-01 1.010667E+01
3.647059E-01 1.019928E+01
3.764706E-01 1.027542E+01
3.882353E-01 1.033589E+01
4.000000E-01 1.038148E+01
4.117647E-01 1.041295E+01
4.235294E-01 1.043106E+01
4.352941E-01 1.043655E+01
4.470588E-01 1.043015E+01
4.588235E-01 1.041257E+01
4.705882E-01 1.038449E+01
4.823529E-01 1.034656E+01
4.941176E-01 1.029944E+01
5.058824E-01 1.024373E+01
5.176471E-01 1.018004E+01
5.294118E-01 1.010892E+01
5.411765E-01 1.003094E+01
5.529412E-01 9.946597E+00
5.647059E-01 9.856408E+00
5.764706E-01 9.760846E+00
5.882353E-01 9.660367E+00
6.000000E-01 9.555404E+00
6.117647E-01 9.446369E+00
6.235294E-01 9.333655E+00
6.352941E-01 9.217634E+00
6.470588E-01 9.098658E+00
6.588235E-01 8.977062E+00
6.705882E-01 8.853161E+00
6.823529E-01 8.727253E+00
6.941176E-01 8.599621E+00
7.058824E-01 8.470529E+00
7.176471E-01 8.340229E+00
7.294118E-01 8.208954E+00
7.411765E-01 8.076927E+00
7.529412E-01 7.944355E+00
7.647059E-01 7.811431E+00
7.764706E-01 7.678339E+00
7.882353E-01 7.545247E+00
8.000000E-01 7.412315E+00
8.117647E-01 7.279690E+00
8.235294E-01 7.147510E+00
8.352941E-01 7.015903E+00
8.470588E-01 6.884988E+00
8.588235E-01 6.754873E+00
8.705882E-01 6.625661E+00
8.823529E-01 6.497444E+00
8.941176E-01 6.370309E+00
9.058824E-01 6.244334E+00
9.176471E-01 6.119591E+00
9.294118E-01 5.996145E+00
9.411765E-01 5.874055E+00
9.529412E-01 5.753376E+00
9.647059E-01 5.634156E+00
9.764706E-01 5.516437E+00
9.882353E-01 5.400258E+00
1.000000E+00 5.285653E+00
1.011765E+00 5.172651E+00
1.023529E+00 5.061278E+00
1.035294E+00 4.951556E+00
1.047059E+00 4.843504E+00
1.058824E+00 4.737135E+00
1.070588E+00 4.632462E+00
1.082353E+00 4.529494E+00
1.094118E+00 4.428238E+00
1.105882E+00 4.328696E+00
1.117647E+00 4.230870E+00
1.129412E+00 4.134760E+00
1.141176E+00 4.040363E+00
1.152941E+00 3.947673E+00
1.164706E+00 3.856685E+00
1.176471E+00 3.767390E+00
1.188235E+00 3.679778E+00
1.200000E+00 3.593839E+00
1.211765E+00 3.509560E+00
1.223529E+00 3.426927E+00
1.235294E+00 3.345926E+00
1.247059E+00 3.266542E+00
1.258824E+00 3.188757E+00
1.270588E+00 3.112555E+00
1.282353E+00 3.037918E+00
1.294118E+00 2.964827E+00
1.305882E+00 2.893262E+00
1.317647E+00 2.823204E+00
1.329412E+00 2.754633E+00
1.341176E+00 2.687528E+00
1.352941E+00 2.621868E+00
1.364706E+00 2.557631E+00
1.376471E+00 2.494797E+00
1.388235E+00 2.433343E+00
1.400000E+00 2.373247E+00
1.411765E+00 2.314487E+00
1.423529E+00 2.257042E+00
1.435294E+00 2.200889E+00
1.447059E+00 2.146005E+00
1.458824E+00 2.092369E+00
1.470588E+00 2.039959E+00
1.482353E+00 1.988751E+00
1.494118E+00 1.938724E+00
1.505882E+00 1.889857E+00
1.517647E+00 1.842127E+00
1.529412E+00 1.795512E+00
1.541176E+00 1.749991E+00
1.552941E+00 1.705543E+00
1.564706E+00 1.662147E+00
1.576471E+00 1.619781E+00
1.588235E+00 1.578424E+00
1.600000E+00 1.538057E+00
1.611765E+00 1.498659E+00
1.623529E+00 1.460209E+00
1.635294E+00 1.422688E+00
1.647059E+00 1.386077E+00
1.658824E+00 1.350355E+00
1.670588E+00 1.315505E+00
1.682353E+00 1.281507E+00
1.694118E+00 1.248342E+00
1.705882E+00 1.215994E+00
1.717647E+00 1.184442E+00
1.729412E+00 1.153671E+00
1.741176E+00 1.123662E+00
1.752941E+00 1.094399E+00
1.764706E+00 1.065865E+00
1.776471E+00 1.038042E+00
1.788235E+00 1.010916E+00
1.800000E+00 9.844702E-01
1.811765E+00 9.586887E-01
1.823529E+00 9.335564E-01
1.835294E+00 9.090582E-01
1.847059E+00 8.851794E-01
1.858824E+00 8.619054E-01
1.870588E+00 8.392220E-01
1.882353E+00 8.171154E-01
1.894118E+00 7.955718E-01
1.905882E+00 7.745779E-01
1.917647E+00 7.541206E-01
1.929412E+00 7.341870E-01
1.941176E+00 7.147645E-01
1.952941E+00 6.958409E-01
1.964706E+00 6.774040E-01
1.976471E+00 6.594421E-01
1.988235E+00 6.419436E-01
2.000000E+00 6.248971E-01
2.011765E+00 6.082917E-01
2.023529E+00 5.921164E-01
2.035294E+00 5.763608E-01
2.047059E+00 5.610144E-01
2.058824E+00 5.460671E-01
2.070588E+00 5.315091E-01
2.082353E+00 5.173305E-01
2.094118E+00 5.035221E-01
2.105882E+00 4.900745E-01
2.117647E+00 4.769787E-01
2.129412E+00 4.642259E-01
2.141176E+00 4.518074E-01
2.152941E+00 4.397148E-01
2.164706E+00 4.279399E-01
2.176471E+00 4.164746E-01
2.188235E+00 4.053112E-01
2.200000E+00 3.944418E-01
2.211765E+00 3.838591E-01
2.223529E+00 3.735558E-01
2.235294E+00 3.635246E-01
2.247059E+00 3.537587E-01
2.258824E+00 3.442512E-01
2.270588E+00 3.349955E-01
2.282353E+00 3.259851E-01
2.294118E+00 3.172138E-01
2.305882E+00 3.086753E-01
2.317647E+00 3.003636E-01
2.329412E+00 2.922729E-01
2.341176E+00 2.843974E-01
2.352941E+00 2.767317E-01
2.364706E+00 2.692701E-01
2.376471E+00 2.620074E-01
2.388235E+00 2.549385E-01
2.400000E+00 2.480583E-01
2.411765E+00 2.413618E-01
2.423529E+00 2.348443E-01
2.435294E+00 2.285010E-01
2.447059E+00 2.223275E-01
2.458824E+00 2.163192E-01
2.470588E+00 2.104718E-01
2.482353E+00 2.047812E-01
2.494118E+00 1.992431E-01
2.505882E+00 1.938536E-01
2.517647E+00 1.886087E-01
2.529412E+00 1.835046E-01
2.541176E+00 1.785377E-01
2.552941E+00 1.737043E-01
2.564706E+00 1.690008E-01
2.576471E+00 1.644238E-01
2.588235E+00 1.599700E-01
2.600000E+00 1.556361E-01
2.611765E+00 1.514189E-01
2.623529E+00 1.473153E-01
2.635294E+00 1.433223E-01
2.647059E+00 1.394370E-01
2.658824E+00 1.356565E-01
2.670588E+00 1.319779E-01
2.682353E+00 1.283987E-01
2.694118E+00 1.249161E-01
2.705882E+00 1.215275E-01
2.717647E+00 1.182305E-01
2.729412E+00 1.150226E-01
2.741176E+00 1.119014E-01
2.752941E+00 1.088646E-01
2.764706E+00 1.059100E-01
2.776471E+00 1.030352E-01
2.788235E+00 1.002383E-01
2.800000E+00 9.751706E-02
2.811765E+00 9.486951E-02
2.823529E+00 9.229365E-02
2.835294E+00 8.978757E-02
2.847059E+00 8.734938E-02
2.858824E+00 8.497727E-02
2.870588E+00 8.266945E-02
2.882353E+00 8.042420E-02
2.894118E+00 7.823983E-02
2.905882E+00 7.611469E-02
2.917647E+00 7.404721E-02
2.929412E+00 7.203581E-02
2.941176E+00 7.007900E-02
2.952941E+00 6.817529E-02
2.964706E+00 6.632325E-02
2.976471E+00 6.452150E-02
2.988235E+00 6.276866E-02
3.000000E+00 6.106342E-02
