0.000000E+00 2.000000E-01 0 -1
2.539683E-02 2.000000E-01 0 -1
5.079365E-02 2.000000E-01 0 -1
7.619048E-02 1.999999E-01 0 -1
1.015873E-01 1.999992E-01 0 -1
1.269841E-01 1.999968E-01 0 -1
1.523810E-01 1.999904E-01 0 -1
1.777778E-01 1.999759E-01 0 -1
2.031746E-01 1.999463E-01 0 -1
2.285714E-01 1.998913E-01 0 -1
2.539683E-01 1.997955E-01 0 -1
2.793651E-01 1.996380E-01 0 -1
3.047619E-01 1.993906E-01 0 -1
3.301587E-01 1.990167E-01 0 -1
3.555556E-01 1.984703E-01 0 -1
3.809524E-01 1.976950E-01 0 -1
4.063492E-01 1.966233E-01 0 -1
4.317460E-01 1.951776E-01 0 -1
4.571429E-01 1.932712E-01 0 -1
4.825397E-01 1.908111E-01 0 -1
5.079365E-01 1.877033E-01 0 -1
5.333333E-01 1.838588E-01 0 -1
5.587302E-01 1.792023E-01 0 -1
5.841270E-01 1.736817E-01 0 -1
6.095238E-01 1.672778E-01 0 -1
6.349206E-01 1.600120E-01 0 -1
6.603175E-01 1.519513E-01 0 -1
6.857143E-01 1.432081E-01 0 -1
7.111111E-01 1.339342E-01 0 -1
7.365079E-01 1.243108E-01 0 -1
7.619048E-01 1.145334E-01 0 -1
7.873016E-01 1.047964E-01 0 -1
8.126984E-01 9.527900E-02 0 -1
8.380952E-01 8.613390E-02 0 -1
8.634921E-01 7.748079E-02 0 -1
8.888889E-01 6.940404E-02 0 -1
9.142857E-01 6.195428E-02 0 -1
9.396825E-01 5.515239E-02 0 -1
9.650794E-01 4.899511E-02 0 -1
9.904762E-01 4.346088E-02 0 -1
1.015873E+00 3.851541E-02 0 -1
1.041270E+00 3.411643E-02 0 -1
1.066667E+00 3.021762E-02 0 -1
1.092063E+00 2.677146E-02 0 -1
1.117460E+00 2.373135E-02 0 -1
1.142857E+00 2.105294E-02 0 -1
1.168254E+00 1.869503E-02 0 -1
1.193651E+00 1.661990E-02 0 -1
1.219048E+00 1.479354E-02 0 -1
1.244444E+00 1.318552E-02 0 -1
1.269841E+00 1.176887E-02 0 -1
1.295238E+00 1.051977E-02 0 -1
1.320635E+00 9.417307E-03 0 -1
1.346032E+00 8.443174E-03 0 -1
1.371429E+00 7.581373E-03 0 -1
1.396825E+00 6.817952E-03 0 -1
1.422222E+00 6.140754E-03 0 -1
1.447619E+00 5.539190E-03 0 -1
1.473016E+00 5.004042E-03 0 -1
1.498413E+00 4.527281E-03 0 -1
1.523810E+00 4.101909E-03 0 -1
1.549206E+00 3.721828E-03 0 -1
1.574603E+00 3.381716E-03 0 -1
1.600000E+00 3.076923E-03 0 -1
