0.000000E+00 0.000000E+00 0 -1
1.568627E-02 8.577094E-03 0 -1
3.137255E-02 1.472534E-02 0 -1
4.705882E-02 2.032264E-02 0 -1
6.274510E-02 2.564480E-02 0 -1
7.843137E-02 3.080769E-02 0 -1
9.411765E-02 3.587337E-02 0 -1
1.098039E-01 4.087961E-02 0 -1
1.254902E-01 4.585121E-02 0 -1
1.411765E-01 5.080529E-02 0 -1
1.568627E-01 5.575408E-02 0 -1
1.725490E-01 6.070646E-02 0 -1
1.882353E-01 6.566894E-02 0 -1
2.039216E-01 7.064624E-02 0 -1
2.196078E-01 7.564170E-02 0 -1
2.352941E-01 8.065756E-02 0 -1
2.509804E-01 8.569511E-02 0 -1
2.666667E-01 9.075484E-02 0 -1
2.823529E-01 9.583649E-02 0 -1
2.980392E-01 1.009392E-01 0 -1
3.137255E-01 1.060613E-01 0 -1
3.294118E-01 1.112007E-01 0 -1
3.450980E-01 1.163547E-01 0 -1
3.607843E-01 1.215197E-01 0 -1
3.764706E-01 1.266919E-01 0 -1
3.921569E-01 1.318665E-01 0 -1
4.078431E-01 1.370381E-01 0 -1
4.235294E-01 1.422008E-01 0 -1
4.392157E-01 1.473479E-01 0 -1
4.549020E-01 1.524717E-01 0 -1
4.705882E-01 1.575641E-01 0 -1
4.862745E-01 1.626159E-01 0 -1
5.019608E-01 1.676171E-01 0 -1
5.176471E-01 1.725568E-01 0 -1
5.333333E-01 1.774234E-01 0 -1
5.490196E-01 1.822039E-01 0 -1
5.647059E-01 1.868846E-01 0 -1
5.803922E-01 1.914507E-01 0 -1
5.960784E-01 1.958864E-01 0 -1
6.117647E-01 2.001746E-01 0 -1
6.274510E-01 2.042973E-01 0 -1
6.431373E-01 2.082353E-01 0 -1
6.588235E-01 2.119684E-01 0 -1
6.745098E-01 2.154751E-01 0 -1
6.901961E-01 2.187330E-01 0 -1
7.058824E-01 2.217185E-01 0 -1
7.215686E-01 2.244072E-01 0 -1
7.372549E-01 2.267736E-01 0 -1
7.529412E-01 2.287918E-01 0 -1
7.686275E-01 2.304348E-01 0 -1
7.843137E-01 2.316755E-01 0 -1
8.000000E-01 2.324865E-01 0 -1
8.156863E-01 2.328403E-01 0 -1
8.313725E-01 2.327100E-01 0 -1
8.470588E-01 2.320694E-01 0 -1
8.627451E-01 2.308934E-01 0 -1
8.784314E-01 2.291590E-01 0 -1
8.941176E-01 2.268451E-01 0 -1
9.098039E-01 2.239339E-01 0 -1
9.254902E-01 2.204112E-01 0 -1
9.411765E-01 2.162675E-01 0 -1
9.568627E-01 2.114982E-01 0 -1
9.725490E-01 2.061054E-01 0 -1
9.882353E-01 2.000978E-01 0 -1
1.003922E+00 1.934922E-01 0 -1
1.019608E+00 1.863138E-01 0 -1
1.035294E+00 1.785970E-01 0 -1
1.050980E+00 1.703855E-01 0 -1
1.066667E+00 1.617329E-01 0 -1
1.082353E+00 1.527020E-01 0 -1
1.098039E+00 1.433648E-01 0 -1
1.113725E+00 1.338010E-01 0 -1
1.129412E+00 1.240971E-01 0 -1
1.145098E+00 1.143442E-01 0 -1
1.160784E+00 1.046363E-01 0 -1
1.176471E+00 9.506757E-02 0 -1
1.192157E+00 8.572994E-02 0 -1
1.207843E+00 7.671018E-02 0 -1
1.223529E+00 6.808750E-02 0 -1
1.239216E+00 5.993114E-02 0 -1
1.254902E+00 5.229849E-02 0 -1
1.270588E+00 4.523362E-02 0 -1
1.286275E+00 3.876653E-02 0 -1
1.301961E+00 3.291293E-02 0 -1
1.317647E+00 2.767472E-02 0 -1
1.333333E+00 2.304102E-02 0 -1
1.349020E+00 1.899056E-02 0 -1
1.364706E+00 1.549071E-02 0 -1
1.380392E+00 1.250250E-02 0 -1
1.396078E+00 9.981594E-03 0 -1
1.411765E+00 7.881208E-03 0 -1
1.427451E+00 6.152313E-03 0 -1
1.443137E+00 4.747074E-03 0 -1
1.458824E+00 3.619362E-03 0 -1
1.474510E+00 2.726011E-03 0 -1
1.490196E+00 2.027581E-03 0 -1
1.505882E+00 1.488823E-03 0 -1
1.521569E+00 1.078886E-03 0 -1
1.537255E+00 7.712991E-04 0 -1
1.552941E+00 5.437839E-04 0 -1
1.568627E+00 3.779385E-04 0 -1
1.584314E+00 2.588433E-04 0 -1
1.600000E+00 1.746213E-04 0 -1
1.615686E+00 1.159900E-04 0 -1
1.631373E+00 7.582632E-05 0 -1
1.647059E+00 4.876438E-05 0 -1
1.662745E+00 3.083657E-05 0 -1
1.678431E+00 1.916545E-05 0 -1
1.694118E+00 1.170167E-05 0 -1
1.709804E+00 7.015198E-06 0 -1
1.725490E+00 4.127409E-06 0 -1
1.741176E+00 2.381977E-06 0 -1
1.756863E+00 1.347697E-06 0 -1
1.772549E+00 7.471513E-07 0 -1
1.788235E+00 4.056469E-07 0 -1
1.803922E+00 2.155597E-07 0 -1
1.819608E+00 1.120516E-07 0 -1
1.835294E+00 5.694358E-08 0 -1
1.850980E+00 2.827407E-08 0 -1
1.866667E+00 1.370827E-08 0 -1
1.882353E+00 6.485686E-09 0 -1
1.898039E+00 2.992475E-09 0 -1
1.913725E+00 1.345620E-09 0 -1
1.929412E+00 5.893066E-10 0 -1
1.945098E+00 2.511828E-10 0 -1
1.960784E+00 1.041273E-10 0 -1
1.976471E+00 4.195222E-11 0 -1
1.992157E+00 1.641508E-11 0 -1
2.007843E+00 0.000000E+00 0 -1
2.023529E+00 0.000000E+00 0 -1
2.039216E+00 0.000000E+00 0 -1
2.054902E+00 0.000000E+00 0 -1
2.070588E+00 0.000000E+00 0 -1
2.086275E+00 0.000000E+00 0 -1
2.101961E+00 0.000000E+00 0 -1
2.117647E+00 0.000000E+00 0 -1
2.133333E+00 0.000000E+00 0 -1
2.149020E+00 0.000000E+00 0 -1
2.164706E+00 0.000000E+00 0 -1
2.180392E+00 0.000000E+00 0 -1
2.196078E+00 0.000000E+00 0 -1
2.211765E+00 0.000000E+00 0 -1
2.227451E+00 0.000000E+00 0 -1
2.243137E+00 0.000000E+00 0 -1
2.258824E+00 0.000000E+00 0 -1
2.274510E+00 0.000000E+00 0 -1
2.290196E+00 0.000000E+00 0 -1
2.305882E+00 0.000000E+00 0 -1
2.321569E+00 0.000000E+00 0 -1
2.337255E+00 0.000000E+00 0 -1
2.352941E+00 0.000000E+00 0 -1
2.368627E+00 0.000000E+00 0 -1
2.384314E+00 0.000000E+00 0 -1
2.400000E+00 0.000000E+00 0 -1
2.415686E+00 0.000000E+00 0 -1
2.431373E+00 0.000000E+00 0 -1
2.447059E+00 0.000000E+00 0 -1
2.462745E+00 0.000000E+00 0 -1
2.478431E+00 0.000000E+00 0 -1
2.494118E+00 0.000000E+00 0 -1
2.509804E+00 0.000000E+00 0 -1
2.525490E+00 0.000000E+00 0 -1
2.541176E+00 0.000000E+00 0 -1
2.556863E+00 0.000000E+00 0 -1
2.572549E+00 0.000000E+00 0 -1
2.588235E+00 0.000000E+00 0 -1
2.603922E+00 0.000000E+00 0 -1
2.619608E+00 0.000000E+00 0 -1
2.635294E+00 0.000000E+00 0 -1
2.650980E+00 0.000000E+00 0 -1
2.666667E+00 0.000000E+00 0 -1
2.682353E+00 0.000000E+00 0 -1
2.698039E+00 0.000000E+00 0 -1
2.713725E+00 0.000000E+00 0 -1
2.729412E+00 0.000000E+00 0 -1
2.745098E+00 0.000000E+00 0 -1
2.760784E+00 0.000000E+00 0 -1
2.776471E+00 0.000000E+00 0 -1
2.792157E+00 0.000000E+00 0 -1
2.807843E+00 0.000000E+00 0 -1
2.823529E+00 0.000000E+00 0 -1
2.839216E+00 0.000000E+00 0 -1
2.854902E+00 0.000000E+00 0 -1
2.870588E+00 0.000000E+00 0 -1
2.886275E+00 0.000000E+00 0 -1
2.901961E+00 0.000000E+00 0 -1
2.917647E+00 0.000000E+00 0 -1
2.933333E+00 0.000000E+00 0 -1
2.949020E+00 0.000000E+00 0 -1
2.964706E+00 0.000000E+00 0 -1
2.980392E+00 0.000000E+00 0 -1
2.996078E+00 0.000000E+00 0 -1
3.011765E+00 0.000000E+00 0 -1
3.027451E+00 0.000000E+00 0 -1
3.043137E+00 0.000000E+00 0 -1
3.058824E+00 0.000000E+00 0 -1
3.074510E+00 0.000000E+00 0 -1
3.090196E+00 0.000000E+00 0 -1
3.105882E+00 0.000000E+00 0 -1
3.121569E+00 0.000000E+00 0 -1
3.137255E+00 0.000000E+00 0 -1
3.152941E+00 0.000000E+00 0 -1
3.168627E+00 0.000000E+00 0 -1
3.184314E+00 0.000000E+00 0 -1
3.200000E+00 0.000000E+00 0 -1
3.215686E+00 0.000000E+00 0 -1
3.231373E+00 0.000000E+00 0 -1
3.247059E+00 0.000000E+00 0 -1
3.262745E+00 0.000000E+00 0 -1
3.278431E+00 0.000000E+00 0 -1
3.294118E+00 0.000000E+00 0 -1
3.309804E+00 0.000000E+00 0 -1
3.325490E+00 0.000000E+00 0 -1
3.341176E+00 0.000000E+00 0 -1
3.356863E+00 0.000000E+00 0 -1
3.372549E+00 0.000000E+00 0 -1
3.388235E+00 0.000000E+00 0 -1
3.403922E+00 0.000000E+00 0 -1
3.419608E+00 0.000000E+00 0 -1
3.435294E+00 0.000000E+00 0 -1
3.450980E+00 0.000000E+00 0 -1
3.466667E+00 0.000000E+00 0 -1
3.482353E+00 0.000000E+00 0 -1
3.498039E+00 0.000000E+00 0 -1
3.513725E+00 0.000000E+00 0 -1
3.529412E+00 0.000000E+00 0 -1
3.545098E+00 0.000000E+00 0 -1
3.560784E+00 0.000000E+00 0 -1
3.576471E+00 0.000000E+00 0 -1
3.592157E+00 0.000000E+00 0 -1
3.607843E+00 0.000000E+00 0 -1
3.623529E+00 0.000000E+00 0 -1
3.639216E+00 0.000000E+00 0 -1
3.654902E+00 0.000000E+00 0 -1
3.670588E+00 0.000000E+00 0 -1
3.686275E+00 0.000000E+00 0 -1
3.701961E+00 0.000000E+00 0 -1
3.717647E+00 0.000000E+00 0 -1
3.733333E+00 0.000000E+00 0 -1
3.749020E+00 0.000000E+00 0 -1
3.764706E+00 0.000000E+00 0 -1
3.780392E+00 0.000000E+00 0 -1
3.796078E+00 0.000000E+00 0 -1
3.811765E+00 0.000000E+00 0 -1
3.827451E+00 0.000000E+00 0 -1
3.843137E+00 0.000000E+00 0 -1
3.858824E+00 0.000000E+00 0 -1
3.874510E+00 0.000000E+00 0 -1
3.890196E+00 0.000000E+00 0 -1
3.905882E+00 0.000000E+00 0 -1
3.921569E+00 0.000000E+00 0 -1
3.937255E+00 0.000000E+00 0 -1
3.952941E+00 0.000000E+00 0 -1
3.968627E+00 0.000000E+00 0 -1
3.984314E+00 0.000000E+00 0 -1
4.000000E+00 0.000000E+00 0 -1
