0.000000 0.000000
0.005100 0.000000
0.015100 0.000000
0.025100 0.000000
0.035100 0.000000
0.045100 0.000000
0.055100 0.000000
0.065100 0.000000
0.075100 0.000000
0.085100 0.000000
0.095100 0.000000
0.105100 0.000000
0.115100 0.000000
0.125100 0.000000
0.135100 0.000000
0.145100 0.000000
0.155100 0.000000
0.165100 0.000000
0.175100 0.000000
0.185100 0.000000
0.195100 0.000000
0.205100 0.000000
0.215100 0.000000
0.225100 0.000000
0.235100 0.000000
0.245100 0.000000
0.255100 0.000000
0.265100 0.000000
0.275100 0.000000
0.285100 0.000000
0.295100 0.000000
0.305100 0.000000
0.315100 0.000000
0.325100 0.000000
0.335100 0.000000
0.345100 0.000000
0.355100 0.000000
0.365100 0.000000
0.375100 0.000000
0.385100 0.000000
0.395100 0.000000
0.405100 0.000000
0.415100 0.000000
0.425100 0.000000
0.435100 0.000000
0.445100 0.000000
0.455100 0.000000
0.465100 0.000000
0.475100 0.000000
0.485100 0.000000
0.495100 0.000000
0.505100 0.000000
0.515100 0.000000
0.525100 0.000000
0.535100 0.000000
0.545100 0.002399
0.555100 0.000000
0.565100 0.000000
0.575100 0.000000
0.585100 0.000000
0.595100 0.000000
0.605100 0.000000
0.615100 0.000000
0.625100 0.002369
0.635100 0.014182
0.645100 0.000000
0.655100 0.007120
0.665100 0.023687
0.675100 0.071617
0.685100 0.114583
0.695100 0.205974
0.705100 0.400945
0.715100 0.781176
0.725100 1.244197
0.735100 1.797559
0.745100 2.487516
0.755100 3.592928
0.765100 4.329252
0.775100 5.098635
0.785100 5.567252
0.795100 6.284835
0.805100 6.524973
0.815100 6.547375
0.825100 6.826776
0.835100 7.058459
0.845100 6.938114
0.855100 6.850570
0.865100 6.272434
0.875100 5.468501
0.885100 4.684201
0.895100 3.749051
0.905100 2.720620
0.915100 1.723424
0.925100 1.126612
0.935100 0.656273
0.945100 0.340504
0.955100 0.198658
0.965100 0.120238
0.975100 0.060850
0.985100 0.026561
0.995100 0.019065
1.005100 0.009319
1.015100 0.023294
1.025100 0.011859
1.035100 0.006715
1.045100 0.002174
1.055100 0.002206
1.065100 0.002605
1.075100 0.000000
1.085100 0.000000
1.095100 0.000000
1.105100 0.002343
1.115100 0.000000
1.125100 0.000000
1.135100 0.000000
1.145100 0.000000
1.155100 0.000000
1.165100 0.000000
1.175100 0.000000
1.185100 0.000000
1.195100 0.000000
1.205100 0.000000
1.215100 0.000000
1.225100 0.000000
1.235100 0.000000
1.245100 0.000000
1.255100 0.000000
1.265100 0.000000
1.275100 0.000000
1.285100 0.000000
1.295100 0.000000
1.305100 0.000000
1.315100 0.000000
1.325100 0.000000
1.335100 0.000000
1.345100 0.000000
1.355100 0.000000
1.365100 0.000000
1.375100 0.000000
1.385100 0.000000
1.395100 0.000000
1.405100 0.000000
1.415100 0.000000
1.425100 0.000000
1.435100 0.000000
1.445100 0.000000
1.455100 0.000000
1.465100 0.000000
1.475100 0.000000
1.485100 0.000000
1.495100 0.000000
1.505100 0.000000
1.515100 0.000000
1.525100 0.000000
1.535100 0.000000
1.545100 0.000000
1.555100 0.000000
1.565100 0.000000
1.575100 0.000000
1.585100 0.000000
1.595100 0.000000
1.605100 0.000000
1.615100 0.000000
1.625100 0.000000
1.635100 0.000000
1.645100 0.000000
1.655100 0.000000
1.665100 0.000000
1.675100 0.000000
1.685100 0.000000
1.695100 0.000000
1.705100 0.000000
1.715100 0.000000
1.725100 0.000000
1.735100 0.000000
1.745100 0.000000
1.755100 0.000000
1.765100 0.000000
1.775100 0.000000
1.785100 0.000000
1.795100 0.000000
1.805100 0.000000
1.815100 0.000000
1.825100 0.000000
1.835100 0.000000
1.845100 0.000000
1.855100 0.000000
1.865100 0.000000
1.875100 0.000000
1.885100 0.000000
1.895100 0.000000
1.905100 0.000000
1.915100 0.000000
1.925100 0.000000
1.935100 0.000000
1.945100 0.000000
1.955100 0.000000
1.965100 0.000000
1.975100 0.000000
1.985100 0.000000
1.995100 0.000000
2.005100 0.000000
2.015100 0.000000
2.025100 0.000000
2.035100 0.000000
2.045100 0.000000
2.055100 0.000000
2.065100 0.000000
2.075100 0.000000
2.085100 0.000000
2.095100 0.000000
2.105100 0.000000
2.115100 0.000000
2.125100 0.000000
2.135100 0.000000
2.145100 0.000000
2.155100 0.000000
2.165100 0.000000
2.175100 0.000000
2.185100 0.000000
2.195100 0.000000
2.205100 0.000000
2.215100 0.000000
2.225100 0.000000
2.235100 0.000000
2.245100 0.000000
2.255100 0.000000
2.265100 0.000000
2.275100 0.000000
2.285100 0.000000
2.295100 0.000000
2.305100 0.000000
2.315100 0.000000
2.325100 0.000000
2.335100 0.000000
2.345100 0.000000
2.355100 0.000000
2.365100 0.000000
2.375100 0.000000
2.385100 0.000000
2.395100 0.000000
2.405100 0.000000
2.415100 0.000000
2.425100 0.000000
2.435100 0.000000
2.445100 0.000000
2.455100 0.000000
2.465100 0.000000
2.475100 0.000000
2.485100 0.000000
2.495100 0.000000
2.505100 0.000000
2.515100 0.000000
2.525100 0.000000
2.535100 0.000000
2.545100 0.000000
2.555100 0.000000
2.565100 0.000000
2.575100 0.000000
2.585100 0.000000
2.595100 0.000000
2.605100 0.000000
2.615100 0.000000
2.625100 0.000000
2.635100 0.000000
2.645100 0.000000
2.655100 0.000000
2.665100 0.000000
2.675100 0.000000
2.685100 0.000000
2.695100 0.000000
2.705100 0.000000
2.715100 0.000000
2.725100 0.000000
2.735100 0.000000
2.745100 0.000000
2.755100 0.000000
2.765100 0.000000
2.775100 0.000000
2.785100 0.000000
2.795100 0.000000
2.805100 0.000000
2.815100 0.000000
2.825100 0.000000
2.835100 0.000000
2.845100 0.000000
2.855100 0.000000
2.865100 0.000000
2.875100 0.000000
2.885100 0.000000
2.895100 0.000000
2.905100 0.000000
2.915100 0.000000
2.925100 0.000000
2.935100 0.000000
2.945100 0.000000
2.955100 0.000000
2.965100 0.000000
2.975100 0.000000
2.985100 0.000000
2.995100 0.000000
3.005100 0.000000
3.015100 0.000000
3.025100 0.000000
3.035100 0.000000
3.045100 0.000000
3.055100 0.000000
3.065100 0.000000
3.075100 0.000000
3.085100 0.000000
3.095100 0.000000
3.105100 0.000000
3.115100 0.000000
3.125100 0.000000
3.135100 0.000000
3.145100 0.000000
3.155100 0.000000
3.165100 0.000000
3.175100 0.000000
3.185100 0.000000
3.195100 0.000000
3.205100 0.000000
3.215100 0.000000
3.225100 0.000000
3.235100 0.000000
3.245100 0.000000
3.255100 0.000000
3.265100 0.000000
3.275100 0.000000
3.285100 0.000000
3.295100 0.000000
3.305100 0.000000
3.315100 0.000000
3.325100 0.000000
3.335100 0.000000
3.345100 0.000000
3.355100 0.000000
3.365100 0.000000
3.375100 0.000000
3.385100 0.000000
3.395100 0.000000
3.405100 0.000000
3.415100 0.000000
3.425100 0.000000
3.435100 0.000000
3.445100 0.000000
3.455100 0.000000
3.465100 0.000000
3.475100 0.000000
3.485100 0.000000
3.495100 0.000000
3.505100 0.000000
3.515100 0.000000
3.525100 0.000000
3.535100 0.000000
3.545100 0.000000
3.555100 0.000000
3.565100 0.000000
3.575100 0.000000
3.585100 0.000000
3.595100 0.000000
3.605100 0.000000
3.615100 0.000000
3.625100 0.000000
3.635100 0.000000
3.645100 0.000000
3.655100 0.000000
3.665100 0.000000
3.675100 0.000000
3.685100 0.000000
3.695100 0.000000
3.705100 0.000000
3.715100 0.000000
3.725100 0.000000
3.735100 0.000000
3.745100 0.000000
3.755100 0.000000
3.765100 0.000000
3.775100 0.000000
3.785100 0.000000
3.795100 0.000000
3.805100 0.000000
3.815100 0.000000
3.825100 0.000000
3.835100 0.000000
3.845100 0.000000
3.855100 0.000000
3.865100 0.000000
3.875100 0.000000
3.885100 0.000000
3.895100 0.000000
3.905100 0.000000
3.915100 0.000000
3.925100 0.000000
3.935100 0.000000
3.945100 0.000000
3.955100 0.000000
3.965100 0.000000
3.975100 0.000000
3.985100 0.000000
3.995100 0.000000
