0.000000 0.000000
0.005100 0.006841
0.015100 0.019403
0.025100 0.029524
0.035100 0.041985
0.045100 0.055386
0.055100 0.072780
0.065100 0.088953
0.075100 0.110721
0.085100 0.131523
0.095100 0.159368
0.105100 0.187061
0.115100 0.207354
0.125100 0.207609
0.135100 0.193775
0.145100 0.194080
0.155100 0.203616
0.165100 0.204074
0.175100 0.198784
0.185100 0.202294
0.195100 0.202497
0.205100 0.201480
0.215100 0.196394
0.225100 0.196216
0.235100 0.193164
0.245100 0.193037
0.255100 0.188180
0.265100 0.185663
0.275100 0.184773
0.285100 0.191893
0.295100 0.194233
0.305100 0.194945
0.315100 0.181187
0.325100 0.176483
0.335100 0.167735
0.345100 0.160945
0.355100 0.157410
0.365100 0.154715
0.375100 0.154537
0.385100 0.149476
0.395100 0.147645
0.405100 0.145204
0.415100 0.146272
0.425100 0.152833
0.435100 0.166514
0.445100 0.177601
0.455100 0.183552
0.465100 0.183221
0.475100 0.174855
0.485100 0.171575
0.495100 0.173380
0.505100 0.177398
0.515100 0.179610
0.525100 0.168676
0.535100 0.165878
0.545100 0.170837
0.555100 0.177907
0.565100 0.188638
0.575100 0.198250
0.585100 0.209796
0.595100 0.230343
0.605100 0.245245
0.615100 0.269657
0.625100 0.287077
0.635100 0.310981
0.645100 0.320059
0.655100 0.332189
0.665100 0.352431
0.675100 0.381701
0.685100 0.421651
0.695100 0.486115
0.705100 0.595489
0.715100 0.697004
0.725100 0.798698
0.735100 0.876666
0.745100 0.942096
0.755100 1.021488
0.765100 1.107492
0.775100 1.184188
0.785100 1.276447
0.795100 1.354796
0.805100 1.430043
0.815100 1.492625
0.825100 1.545163
0.835100 1.600804
0.845100 1.665446
0.855100 1.707202
0.865100 1.727469
0.875100 1.795189
0.885100 1.818457
0.895100 1.867664
0.905100 1.917862
0.915100 1.946369
0.925100 1.982657
0.935100 1.991201
0.945100 1.991684
0.955100 1.966026
0.965100 1.951582
0.975100 1.908961
0.985100 1.874860
0.995100 1.832520
1.005100 1.776828
1.015100 1.712644
1.025100 1.662191
1.035100 1.595565
1.045100 1.512613
1.055100 1.422185
1.065100 1.332698
1.075100 1.266478
1.085100 1.197360
1.095100 1.137550
1.105100 1.082291
1.115100 1.011215
1.125100 0.978105
1.135100 0.920252
1.145100 0.868604
1.155100 0.831680
1.165100 0.796536
1.175100 0.782143
1.185100 0.762461
1.195100 0.768284
1.205100 0.785653
1.215100 0.760782
1.225100 0.715161
1.235100 0.674626
1.245100 0.635541
1.255100 0.596709
1.265100 0.562812
1.275100 0.528024
1.285100 0.489370
1.295100 0.443673
1.305100 0.404689
1.315100 0.374784
1.325100 0.358865
1.335100 0.342564
1.345100 0.326442
1.355100 0.318101
1.365100 0.302640
1.375100 0.300631
1.385100 0.286212
1.395100 0.274769
1.405100 0.266707
1.415100 0.254196
1.425100 0.252746
1.435100 0.243744
1.445100 0.236955
1.455100 0.225409
1.465100 0.216890
1.475100 0.208829
1.485100 0.206947
1.495100 0.199878
1.505100 0.190927
1.515100 0.186858
1.525100 0.176839
1.535100 0.173863
1.545100 0.166718
1.555100 0.156647
1.565100 0.148561
1.575100 0.146272
1.585100 0.139482
1.595100 0.137880
1.605100 0.129972
1.615100 0.124174
1.625100 0.120435
1.635100 0.115273
1.645100 0.110670
1.655100 0.106754
1.665100 0.105432
1.675100 0.102584
1.685100 0.096252
1.695100 0.094955
1.705100 0.089360
1.715100 0.086970
1.725100 0.079392
1.735100 0.078985
1.745100 0.077612
1.755100 0.072729
1.765100 0.070568
1.775100 0.067287
1.785100 0.065075
1.795100 0.062964
1.805100 0.061311
1.815100 0.059124
1.825100 0.056734
1.835100 0.055717
1.845100 0.053657
1.855100 0.049486
1.865100 0.050376
1.875100 0.047757
1.885100 0.048622
1.895100 0.045952
1.905100 0.044426
1.915100 0.041832
1.925100 0.040459
1.935100 0.038577
1.945100 0.037585
1.955100 0.036009
1.965100 0.036034
1.975100 0.035653
1.985100 0.033872
1.995100 0.033364
2.005100 0.031406
2.015100 0.030338
2.025100 0.029143
2.035100 0.029931
2.045100 0.029804
2.055100 0.028481
2.065100 0.029499
2.075100 0.027006
2.085100 0.025455
2.095100 0.026116
2.105100 0.025684
2.115100 0.025099
2.125100 0.023421
2.135100 0.023421
2.145100 0.022683
2.155100 0.021997
2.165100 0.022073
2.175100 0.021259
2.185100 0.021285
2.195100 0.021208
2.205100 0.020852
2.215100 0.018665
2.225100 0.018131
2.235100 0.018487
2.245100 0.016682
2.255100 0.018487
2.265100 0.017241
2.275100 0.016809
2.285100 0.016351
2.295100 0.016072
2.305100 0.015970
2.315100 0.016148
2.325100 0.014648
2.335100 0.014571
2.345100 0.014470
2.355100 0.013529
2.365100 0.014571
2.375100 0.013223
2.385100 0.012537
2.395100 0.013122
2.405100 0.012384
2.415100 0.012715
2.425100 0.011825
2.435100 0.011698
2.445100 0.011469
2.455100 0.011291
2.465100 0.010375
2.475100 0.010859
2.485100 0.009384
2.495100 0.011062
2.505100 0.009918
2.515100 0.009333
2.525100 0.009434
2.535100 0.008570
2.545100 0.009078
2.555100 0.009078
2.565100 0.008087
2.575100 0.009028
2.585100 0.007146
2.595100 0.008265
2.605100 0.007654
2.615100 0.007985
2.625100 0.007553
2.635100 0.006535
2.645100 0.007044
2.655100 0.006637
2.665100 0.006612
2.675100 0.006434
2.685100 0.005417
2.695100 0.006205
2.705100 0.006027
2.715100 0.005544
2.725100 0.006307
2.735100 0.005951
2.745100 0.005722
2.755100 0.005289
2.765100 0.005340
2.775100 0.004450
2.785100 0.004857
2.795100 0.004908
2.805100 0.004857
2.815100 0.004959
2.825100 0.004832
2.835100 0.005137
2.845100 0.004476
2.855100 0.004323
2.865100 0.003891
2.875100 0.003992
2.885100 0.004196
2.895100 0.003509
2.905100 0.004094
2.915100 0.003764
2.925100 0.003484
2.935100 0.003230
2.945100 0.003586
2.955100 0.003484
2.965100 0.002975
2.975100 0.003382
2.985100 0.002314
2.995100 0.002619
3.005100 0.002518
3.015100 0.002518
3.025100 0.002899
3.035100 0.002060
3.045100 0.002340
3.055100 0.002009
3.065100 0.002034
3.075100 0.001907
3.085100 0.002263
3.095100 0.001907
3.105100 0.001933
3.115100 0.001882
3.125100 0.001475
3.135100 0.001297
3.145100 0.001348
3.155100 0.001628
3.165100 0.001348
3.175100 0.001195
3.185100 0.000992
3.195100 0.001373
3.205100 0.001195
3.215100 0.000966
3.225100 0.001322
3.235100 0.001043
3.245100 0.001271
3.255100 0.000915
3.265100 0.001068
3.275100 0.000636
3.285100 0.000814
3.295100 0.001043
3.305100 0.000814
3.315100 0.000687
3.325100 0.000712
3.335100 0.000661
3.345100 0.000483
3.355100 0.000788
3.365100 0.000737
3.375100 0.000585
3.385100 0.000559
3.395100 0.000585
3.405100 0.000458
3.415100 0.000534
3.425100 0.000331
3.435100 0.000381
3.445100 0.000331
3.455100 0.000559
3.465100 0.000432
3.475100 0.000509
3.485100 0.000381
3.495100 0.000229
3.505100 0.000203
3.515100 0.000000
3.525100 0.000000
3.535100 0.000000
3.545100 0.000000
3.555100 0.000000
3.565100 0.000000
3.575100 0.000000
3.585100 0.000000
3.595100 0.000000
3.605100 0.000000
3.615100 0.000000
3.625100 0.000000
3.635100 0.000000
3.645100 0.000000
3.655100 0.000000
3.665100 0.000000
3.675100 0.000000
3.685100 0.000000
3.695100 0.000000
3.705100 0.000000
3.715100 0.000000
3.725100 0.000000
3.735100 0.000000
3.745100 0.000000
3.755100 0.000000
3.765100 0.000000
3.775100 0.000000
3.785100 0.000000
3.795100 0.000000
3.805100 0.000000
3.815100 0.000000
3.825100 0.000000
3.835100 0.000000
3.845100 0.000000
3.855100 0.000000
3.865100 0.000000
3.875100 0.000000
3.885100 0.000000
3.895100 0.000000
3.905100 0.000000
3.915100 0.000000
3.925100 0.000000
3.935100 0.000000
3.945100 0.000000
3.955100 0.000000
3.965100 0.000000
3.975100 0.000000
3.985100 0.000000
3.995100 0.000000
