0.000000 0.000000
0.005100 0.010654
0.015100 0.031892
0.025100 0.053965
0.035100 0.082612
0.045100 0.114755
0.055100 0.152314
0.065100 0.191991
0.075100 0.230665
0.085100 0.273043
0.095100 0.321313
0.105100 0.387742
0.115100 0.471552
0.125100 0.567325
0.135100 0.717271
0.145100 0.906575
0.155100 1.066005
0.165100 1.254361
0.175100 1.457424
0.185100 1.599098
0.195100 1.731094
0.205100 1.857435
0.215100 1.960324
0.225100 2.079340
0.235100 2.163471
0.245100 2.209539
0.255100 2.257349
0.265100 2.322358
0.275100 2.446875
0.285100 2.577687
0.295100 2.587171
0.305100 2.424635
0.315100 2.279520
0.325100 2.293057
0.335100 2.347315
0.345100 2.400026
0.355100 2.474115
0.365100 2.553148
0.375100 2.628185
0.385100 2.691425
0.395100 2.729667
0.405100 2.799982
0.415100 2.965930
0.425100 2.950096
0.435100 2.731338
0.445100 2.485842
0.455100 2.273810
0.465100 2.170197
0.475100 2.070622
0.485100 1.965603
0.495100 1.854525
0.505100 1.738837
0.515100 1.753000
0.525100 1.710984
0.535100 1.500944
0.545100 1.273120
0.555100 1.064501
0.565100 0.891534
0.575100 0.729972
0.585100 0.584900
0.595100 0.468613
0.605100 0.379010
0.615100 0.318681
0.625100 0.272918
0.635100 0.236430
0.645100 0.199414
0.655100 0.166993
0.665100 0.141981
0.675100 0.125060
0.685100 0.103585
0.695100 0.088308
0.705100 0.078253
0.715100 0.074200
0.725100 0.067307
0.735100 0.059856
0.745100 0.052684
0.755100 0.044955
0.765100 0.040178
0.775100 0.034733
0.785100 0.031432
0.795100 0.031251
0.805100 0.027129
0.815100 0.024163
0.825100 0.024232
0.835100 0.021934
0.845100 0.020932
0.855100 0.021127
0.865100 0.021781
0.875100 0.022575
0.885100 0.022171
0.895100 0.020695
0.905100 0.019093
0.915100 0.015751
0.925100 0.012729
0.935100 0.011949
0.945100 0.010306
0.955100 0.011573
0.965100 0.012172
0.975100 0.013007
0.985100 0.014080
0.995100 0.017004
1.005100 0.018759
1.015100 0.022171
1.025100 0.023369
1.035100 0.023884
1.045100 0.024887
1.055100 0.028132
1.065100 0.031530
1.075100 0.032936
1.085100 0.034733
1.095100 0.039175
1.105100 0.039788
1.115100 0.041055
1.125100 0.043005
1.135100 0.044217
1.145100 0.049049
1.155100 0.051974
1.165100 0.056709
1.175100 0.055428
1.185100 0.049272
1.195100 0.034510
1.205100 0.023745
1.215100 0.015904
1.225100 0.011169
1.235100 0.010417
1.245100 0.009428
1.255100 0.009749
1.265100 0.008927
1.275100 0.008342
1.285100 0.007562
1.295100 0.006364
1.305100 0.006072
1.315100 0.005710
1.325100 0.006156
1.335100 0.006058
1.345100 0.006559
1.355100 0.006727
1.365100 0.007325
1.375100 0.007771
1.385100 0.007534
1.395100 0.007103
1.405100 0.007228
1.415100 0.007980
1.425100 0.008300
1.435100 0.009052
1.445100 0.008913
1.455100 0.009637
1.465100 0.009484
1.475100 0.009386
1.485100 0.010111
1.495100 0.010779
1.505100 0.011434
1.515100 0.011434
1.525100 0.011448
1.535100 0.011002
1.545100 0.011684
1.555100 0.010877
1.565100 0.011030
1.575100 0.011183
1.585100 0.011851
1.595100 0.011517
1.605100 0.011851
1.615100 0.011698
1.625100 0.011838
1.635100 0.011336
1.645100 0.012478
1.655100 0.012255
1.665100 0.011796
1.675100 0.013202
1.685100 0.012701
1.695100 0.012241
1.705100 0.013161
1.715100 0.011879
1.725100 0.011712
1.735100 0.011935
1.745100 0.011448
1.755100 0.011183
1.765100 0.010946
1.775100 0.009957
1.785100 0.010403
1.795100 0.010904
1.805100 0.010306
1.815100 0.009804
1.825100 0.009345
1.835100 0.010723
1.845100 0.009957
1.855100 0.010125
1.865100 0.010250
1.875100 0.010013
1.885100 0.009804
1.895100 0.009971
1.905100 0.009804
1.915100 0.009275
1.925100 0.009317
1.935100 0.009735
1.945100 0.009609
1.955100 0.009108
1.965100 0.008829
1.975100 0.009275
1.985100 0.009749
1.995100 0.009665
2.005100 0.009554
2.015100 0.009178
2.025100 0.009094
2.035100 0.009373
2.045100 0.009373
2.055100 0.009874
2.065100 0.009944
2.075100 0.009693
2.085100 0.009944
2.095100 0.009233
2.105100 0.009568
2.115100 0.009526
2.125100 0.009247
2.135100 0.009484
2.145100 0.009108
2.155100 0.008662
2.165100 0.008871
2.175100 0.008593
2.185100 0.008927
2.195100 0.008551
2.205100 0.008676
2.215100 0.008036
2.225100 0.008983
2.235100 0.008676
2.245100 0.008272
2.255100 0.007729
2.265100 0.008300
2.275100 0.008189
2.285100 0.008091
2.295100 0.007604
2.305100 0.007743
2.315100 0.007882
2.325100 0.007994
2.335100 0.007687
2.345100 0.007200
2.355100 0.007172
2.365100 0.007841
2.375100 0.007116
2.385100 0.006462
2.395100 0.006921
2.405100 0.006921
2.415100 0.006949
2.425100 0.006518
2.435100 0.006448
2.445100 0.006824
2.455100 0.006169
2.465100 0.005974
2.475100 0.006156
2.485100 0.005752
2.495100 0.005947
2.505100 0.005612
2.515100 0.005612
2.525100 0.005598
2.535100 0.005264
2.545100 0.005431
2.555100 0.005097
2.565100 0.004749
2.575100 0.004791
2.585100 0.004108
2.595100 0.003969
2.605100 0.004498
2.615100 0.004025
2.625100 0.004234
2.635100 0.004554
2.645100 0.004053
2.655100 0.003955
2.665100 0.003955
2.675100 0.004331
2.685100 0.003593
2.695100 0.003189
2.705100 0.003788
2.715100 0.004150
2.725100 0.003704
2.735100 0.004303
2.745100 0.003426
2.755100 0.003704
2.765100 0.003412
2.775100 0.003301
2.785100 0.003649
2.795100 0.003342
2.805100 0.003802
2.815100 0.003133
2.825100 0.003342
2.835100 0.003607
2.845100 0.002799
2.855100 0.003120
2.865100 0.003133
2.875100 0.002841
2.885100 0.003287
2.895100 0.003036
2.905100 0.003120
2.915100 0.002660
2.925100 0.002618
2.935100 0.002674
2.945100 0.002479
2.955100 0.002354
2.965100 0.002771
2.975100 0.002535
2.985100 0.002019
2.995100 0.001936
3.005100 0.002214
3.015100 0.002061
3.025100 0.002368
3.035100 0.002089
3.045100 0.001936
3.055100 0.001560
3.065100 0.001713
3.075100 0.002005
3.085100 0.001393
3.095100 0.002047
3.105100 0.001615
3.115100 0.001379
3.125100 0.001281
3.135100 0.001407
3.145100 0.001212
3.155100 0.001309
3.165100 0.001156
3.175100 0.000933
3.185100 0.001086
3.195100 0.001072
3.205100 0.001184
3.215100 0.000933
3.225100 0.000961
3.235100 0.000947
3.245100 0.001128
3.255100 0.000724
3.265100 0.001044
3.275100 0.000822
3.285100 0.000752
3.295100 0.000794
3.305100 0.000947
3.315100 0.000877
3.325100 0.000822
3.335100 0.000599
3.345100 0.000808
3.355100 0.000543
3.365100 0.000418
3.375100 0.000780
3.385100 0.000543
3.395100 0.000432
3.405100 0.000543
3.415100 0.000418
3.425100 0.000376
3.435100 0.000404
3.445100 0.000348
3.455100 0.000404
3.465100 0.000585
3.475100 0.000279
3.485100 0.000292
3.495100 0.000265
3.505100 0.000097
3.515100 0.000000
3.525100 0.000000
3.535100 0.000000
3.545100 0.000000
3.555100 0.000000
3.565100 0.000000
3.575100 0.000000
3.585100 0.000000
3.595100 0.000000
3.605100 0.000000
3.615100 0.000000
3.625100 0.000000
3.635100 0.000000
3.645100 0.000000
3.655100 0.000000
3.665100 0.000000
3.675100 0.000000
3.685100 0.000000
3.695100 0.000000
3.705100 0.000000
3.715100 0.000000
3.725100 0.000000
3.735100 0.000000
3.745100 0.000000
3.755100 0.000000
3.765100 0.000000
3.775100 0.000000
3.785100 0.000000
3.795100 0.000000
3.805100 0.000000
3.815100 0.000000
3.825100 0.000000
3.835100 0.000000
3.845100 0.000000
3.855100 0.000000
3.865100 0.000000
3.875100 0.000000
3.885100 0.000000
3.895100 0.000000
3.905100 0.000000
3.915100 0.000000
3.925100 0.000000
3.935100 0.000000
3.945100 0.000000
3.955100 0.000000
3.965100 0.000000
3.975100 0.000000
3.985100 0.000000
3.995100 0.000000
