0.000000 0.000000
0.005100 0.003370
0.015100 0.011528
0.025100 0.020341
0.035100 0.031296
0.045100 0.041747
0.055100 0.058828
0.065100 0.075308
0.075100 0.098596
0.085100 0.124258
0.095100 0.153836
0.105100 0.190466
0.115100 0.232663
0.125100 0.269008
0.135100 0.318776
0.145100 0.365926
0.155100 0.407714
0.165100 0.457250
0.175100 0.523172
0.185100 0.583650
0.195100 0.642737
0.205100 0.695030
0.215100 0.760256
0.225100 0.826996
0.235100 0.894132
0.245100 0.963956
0.255100 1.032306
0.265100 1.089633
0.275100 1.140275
0.285100 1.163413
0.295100 1.157424
0.305100 1.102116
0.315100 1.064244
0.325100 1.085649
0.335100 1.091911
0.345100 1.097641
0.355100 1.096836
0.365100 1.124108
0.375100 1.146591
0.385100 1.197656
0.395100 1.262582
0.405100 1.330113
0.415100 1.457741
0.425100 1.620663
0.435100 1.766545
0.445100 1.906028
0.455100 2.023097
0.465100 2.146823
0.475100 2.289458
0.485100 2.380441
0.495100 2.488601
0.505100 2.595874
0.515100 2.722356
0.525100 2.909726
0.535100 3.113180
0.545100 3.229948
0.555100 3.334752
0.565100 3.403825
0.575100 3.335093
0.585100 3.112730
0.595100 2.809315
0.605100 2.475941
0.615100 2.166851
0.625100 1.917243
0.635100 1.714034
0.645100 1.518656
0.655100 1.348463
0.665100 1.198106
0.675100 1.063125
0.685100 0.921281
0.695100 0.778523
0.705100 0.652806
0.715100 0.549639
0.725100 0.460184
0.735100 0.401479
0.745100 0.346594
0.755100 0.305666
0.765100 0.268708
0.775100 0.233537
0.785100 0.209580
0.795100 0.192117
0.805100 0.174764
0.815100 0.161789
0.825100 0.152403
0.835100 0.140466
0.845100 0.131898
0.855100 0.128842
0.865100 0.124927
0.875100 0.124613
0.885100 0.120779
0.895100 0.114995
0.905100 0.104845
0.915100 0.093480
0.925100 0.081925
0.935100 0.072293
0.945100 0.066699
0.955100 0.067095
0.965100 0.067873
0.975100 0.069537
0.985100 0.071147
0.995100 0.076604
1.005100 0.081597
1.015100 0.083739
1.025100 0.083248
1.035100 0.078432
1.045100 0.076140
1.055100 0.075854
1.065100 0.080888
1.075100 0.081788
1.085100 0.080560
1.095100 0.081038
1.105100 0.079510
1.115100 0.077641
1.125100 0.077327
1.135100 0.078541
1.145100 0.079346
1.155100 0.078132
1.165100 0.079646
1.175100 0.077695
1.185100 0.070383
1.195100 0.059114
1.205100 0.043097
1.215100 0.031965
1.225100 0.023206
1.235100 0.021733
1.245100 0.020532
1.255100 0.019386
1.265100 0.019714
1.275100 0.018390
1.285100 0.016317
1.295100 0.014625
1.305100 0.012265
1.315100 0.013329
1.325100 0.012183
1.335100 0.012688
1.345100 0.012811
1.355100 0.012811
1.365100 0.013670
1.375100 0.013806
1.385100 0.012824
1.395100 0.013806
1.405100 0.014734
1.415100 0.015771
1.425100 0.014639
1.435100 0.014325
1.445100 0.014884
1.455100 0.014966
1.465100 0.015375
1.475100 0.016262
1.485100 0.016576
1.495100 0.016426
1.505100 0.016835
1.515100 0.018295
1.525100 0.016167
1.535100 0.016699
1.545100 0.016562
1.555100 0.015498
1.565100 0.017313
1.575100 0.017163
1.585100 0.016208
1.595100 0.016030
1.605100 0.015757
1.615100 0.016276
1.625100 0.016058
1.635100 0.015989
1.645100 0.015812
1.655100 0.016276
1.665100 0.016726
1.675100 0.016208
1.685100 0.016426
1.695100 0.015348
1.705100 0.016276
1.715100 0.015116
1.725100 0.015184
1.735100 0.014748
1.745100 0.014270
1.755100 0.014639
1.765100 0.013943
1.775100 0.013806
1.785100 0.012674
1.795100 0.012701
1.805100 0.012319
1.815100 0.013111
1.825100 0.012633
1.835100 0.013384
1.845100 0.012060
1.855100 0.012060
1.865100 0.012333
1.875100 0.012033
1.885100 0.011815
1.895100 0.012156
1.905100 0.011132
1.915100 0.011651
1.925100 0.011815
1.935100 0.011037
1.945100 0.011883
1.955100 0.010955
1.965100 0.011064
1.975100 0.011269
1.985100 0.011214
1.995100 0.010696
2.005100 0.010846
2.015100 0.010573
2.025100 0.010819
2.035100 0.010246
2.045100 0.010505
2.055100 0.010464
2.065100 0.009332
2.075100 0.009877
2.085100 0.010109
2.095100 0.009877
2.105100 0.010218
2.115100 0.009891
2.125100 0.009591
2.135100 0.010191
2.145100 0.009113
2.155100 0.009618
2.165100 0.009277
2.175100 0.009482
2.185100 0.009263
2.195100 0.009031
2.205100 0.009577
2.215100 0.009045
2.225100 0.008977
2.235100 0.008049
2.245100 0.007913
2.255100 0.008104
2.265100 0.007735
2.275100 0.008472
2.285100 0.008568
2.295100 0.007572
2.305100 0.007449
2.315100 0.007954
2.325100 0.007831
2.335100 0.007954
2.345100 0.007422
2.355100 0.007108
2.365100 0.007517
2.375100 0.007094
2.385100 0.007081
2.395100 0.007149
2.405100 0.006794
2.415100 0.006180
2.425100 0.006617
2.435100 0.006494
2.445100 0.006890
2.455100 0.006153
2.465100 0.006112
2.475100 0.006453
2.485100 0.005948
2.495100 0.006057
2.505100 0.005512
2.515100 0.005757
2.525100 0.005416
2.535100 0.005880
2.545100 0.005116
2.555100 0.004952
2.565100 0.005348
2.575100 0.005648
2.585100 0.005293
2.595100 0.005143
2.605100 0.005116
2.615100 0.004911
2.625100 0.005021
2.635100 0.005048
2.645100 0.005130
2.655100 0.004925
2.665100 0.005021
2.675100 0.005130
2.685100 0.004952
2.695100 0.004570
2.705100 0.004980
2.715100 0.004093
2.725100 0.004475
2.735100 0.004775
2.745100 0.004789
2.755100 0.004734
2.765100 0.004502
2.775100 0.004311
2.785100 0.004311
2.795100 0.004420
2.805100 0.004475
2.815100 0.004079
2.825100 0.004434
2.835100 0.004066
2.845100 0.004448
2.855100 0.004516
2.865100 0.004297
2.875100 0.004106
2.885100 0.004038
2.895100 0.003915
2.905100 0.004311
2.915100 0.003697
2.925100 0.003915
2.935100 0.003588
2.945100 0.003574
2.955100 0.003588
2.965100 0.003915
2.975100 0.003247
2.985100 0.003765
2.995100 0.003875
3.005100 0.004011
3.015100 0.003670
3.025100 0.003533
3.035100 0.003684
3.045100 0.003288
3.055100 0.003397
3.065100 0.003220
3.075100 0.003124
3.085100 0.003329
3.095100 0.003452
3.105100 0.003233
3.115100 0.003029
3.125100 0.003220
3.135100 0.002851
3.145100 0.003097
3.155100 0.002810
3.165100 0.002729
3.175100 0.002619
3.185100 0.003001
3.195100 0.002578
3.205100 0.002387
3.215100 0.002688
3.225100 0.002974
3.235100 0.002183
3.245100 0.002387
3.255100 0.002442
3.265100 0.002278
3.275100 0.002265
3.285100 0.002087
3.295100 0.001719
3.305100 0.002360
3.315100 0.002347
3.325100 0.001965
3.335100 0.001801
3.345100 0.001883
3.355100 0.001869
3.365100 0.001569
3.375100 0.001610
3.385100 0.001719
3.395100 0.001760
3.405100 0.001528
3.415100 0.001760
3.425100 0.001187
3.435100 0.001473
3.445100 0.001310
3.455100 0.001323
3.465100 0.001201
3.475100 0.001214
3.485100 0.001201
3.495100 0.000941
3.505100 0.000573
3.515100 0.000000
3.525100 0.000000
3.535100 0.000000
3.545100 0.000000
3.555100 0.000000
3.565100 0.000000
3.575100 0.000000
3.585100 0.000000
3.595100 0.000000
3.605100 0.000000
3.615100 0.000000
3.625100 0.000000
3.635100 0.000000
3.645100 0.000000
3.655100 0.000000
3.665100 0.000000
3.675100 0.000000
3.685100 0.000000
3.695100 0.000000
3.705100 0.000000
3.715100 0.000000
3.725100 0.000000
3.735100 0.000000
3.745100 0.000000
3.755100 0.000000
3.765100 0.000000
3.775100 0.000000
3.785100 0.000000
3.795100 0.000000
3.805100 0.000000
3.815100 0.000000
3.825100 0.000000
3.835100 0.000000
3.845100 0.000000
3.855100 0.000000
3.865100 0.000000
3.875100 0.000000
3.885100 0.000000
3.895100 0.000000
3.905100 0.000000
3.915100 0.000000
3.925100 0.000000
3.935100 0.000000
3.945100 0.000000
3.955100 0.000000
3.965100 0.000000
3.975100 0.000000
3.985100 0.000000
3.995100 0.000000
