0.000000 0.000000
0.005100 0.053269
0.015100 0.159459
0.025100 0.269826
0.035100 0.413061
0.045100 0.573773
0.055100 0.761572
0.065100 0.959955
0.075100 1.153325
0.085100 1.365217
0.095100 1.606563
0.105100 1.938711
0.115100 2.357759
0.125100 2.836623
0.135100 3.586357
0.145100 4.532873
0.155100 5.330026
0.165100 6.271807
0.175100 7.287120
0.185100 7.995492
0.195100 8.655470
0.205100 9.287177
0.215100 9.801622
0.225100 10.396702
0.235100 10.817353
0.245100 11.047697
0.255100 11.286746
0.265100 11.611791
0.275100 12.234376
0.285100 12.888435
0.295100 12.935855
0.305100 12.123173
0.315100 11.397601
0.325100 11.465284
0.335100 11.736573
0.345100 12.000132
0.355100 12.370577
0.365100 12.765742
0.375100 13.140923
0.385100 13.457124
0.395100 13.648335
0.405100 13.999910
0.415100 14.829652
0.425100 14.750480
0.435100 13.656691
0.445100 12.429208
0.455100 11.369052
0.465100 10.850985
0.475100 10.353112
0.485100 9.828013
0.495100 9.272624
0.505100 8.694186
0.515100 8.765002
0.525100 8.554920
0.535100 7.504722
0.545100 6.365602
0.555100 5.322506
0.565100 4.457669
0.575100 3.649862
0.585100 2.924499
0.595100 2.343067
0.605100 1.895051
0.615100 1.593403
0.625100 1.364590
0.635100 1.182152
0.645100 0.997069
0.655100 0.834964
0.665100 0.709904
0.675100 0.625301
0.685100 0.517927
0.695100 0.441540
0.705100 0.391266
0.715100 0.371002
0.725100 0.336534
0.735100 0.299281
0.745100 0.263420
0.755100 0.224774
0.765100 0.200890
0.775100 0.173664
0.785100 0.157161
0.795100 0.156256
0.805100 0.135644
0.815100 0.120813
0.825100 0.121161
0.835100 0.109671
0.845100 0.104658
0.855100 0.105633
0.865100 0.108905
0.875100 0.112874
0.885100 0.110855
0.895100 0.103474
0.905100 0.095466
0.915100 0.078754
0.925100 0.063644
0.935100 0.059745
0.945100 0.051528
0.955100 0.057865
0.965100 0.060859
0.975100 0.065037
0.985100 0.070399
0.995100 0.085021
1.005100 0.093795
1.015100 0.110855
1.025100 0.116843
1.035100 0.119420
1.045100 0.124433
1.055100 0.140658
1.065100 0.157648
1.075100 0.164681
1.085100 0.173664
1.095100 0.195876
1.105100 0.198940
1.115100 0.205277
1.125100 0.215025
1.135100 0.221083
1.145100 0.245246
1.155100 0.259869
1.165100 0.283544
1.175100 0.277138
1.185100 0.246360
1.195100 0.172550
1.205100 0.118724
1.215100 0.079520
1.225100 0.055845
1.235100 0.052085
1.245100 0.047141
1.255100 0.048743
1.265100 0.044634
1.275100 0.041710
1.285100 0.037810
1.295100 0.031822
1.305100 0.030360
1.315100 0.028549
1.325100 0.030778
1.335100 0.030290
1.345100 0.032797
1.355100 0.033633
1.365100 0.036627
1.375100 0.038855
1.385100 0.037671
1.395100 0.035513
1.405100 0.036139
1.415100 0.039899
1.425100 0.041501
1.435100 0.045261
1.445100 0.044565
1.455100 0.048186
1.465100 0.047420
1.475100 0.046932
1.485100 0.050553
1.495100 0.053896
1.505100 0.057168
1.515100 0.057168
1.525100 0.057238
1.535100 0.055010
1.545100 0.058422
1.555100 0.054383
1.565100 0.055149
1.575100 0.055915
1.585100 0.059257
1.595100 0.057586
1.605100 0.059257
1.615100 0.058491
1.625100 0.059188
1.635100 0.056681
1.645100 0.062391
1.655100 0.061277
1.665100 0.058979
1.675100 0.066012
1.685100 0.063505
1.695100 0.061207
1.705100 0.065803
1.715100 0.059397
1.725100 0.058561
1.735100 0.059675
1.745100 0.057238
1.755100 0.055915
1.765100 0.054731
1.775100 0.049787
1.785100 0.052016
1.795100 0.054522
1.805100 0.051528
1.815100 0.049021
1.825100 0.046723
1.835100 0.053617
1.845100 0.049787
1.855100 0.050623
1.865100 0.051250
1.875100 0.050066
1.885100 0.049021
1.895100 0.049857
1.905100 0.049021
1.915100 0.046375
1.925100 0.046584
1.935100 0.048673
1.945100 0.048046
1.955100 0.045540
1.965100 0.044147
1.975100 0.046375
1.985100 0.048743
1.995100 0.048325
2.005100 0.047768
2.015100 0.045888
2.025100 0.045470
2.035100 0.046863
2.045100 0.046863
2.055100 0.049370
2.065100 0.049718
2.075100 0.048464
2.085100 0.049718
2.095100 0.046166
2.105100 0.047838
2.115100 0.047629
2.125100 0.046236
2.135100 0.047420
2.145100 0.045540
2.155100 0.043311
2.165100 0.044356
2.175100 0.042963
2.185100 0.044634
2.195100 0.042754
2.205100 0.043381
2.215100 0.040178
2.225100 0.044913
2.235100 0.043381
2.245100 0.041362
2.255100 0.038646
2.265100 0.041501
2.275100 0.040944
2.285100 0.040457
2.295100 0.038019
2.305100 0.038716
2.315100 0.039412
2.325100 0.039969
2.335100 0.038437
2.345100 0.036000
2.355100 0.035861
2.365100 0.039203
2.375100 0.035582
2.385100 0.032310
2.395100 0.034607
2.405100 0.034607
2.415100 0.034747
2.425100 0.032588
2.435100 0.032240
2.445100 0.034120
2.455100 0.030847
2.465100 0.029872
2.475100 0.030778
2.485100 0.028758
2.495100 0.029733
2.505100 0.028062
2.515100 0.028062
2.525100 0.027992
2.535100 0.026321
2.545100 0.027157
2.555100 0.025486
2.565100 0.023745
2.575100 0.023954
2.585100 0.020542
2.595100 0.019845
2.605100 0.022491
2.615100 0.020124
2.625100 0.021168
2.635100 0.022770
2.645100 0.020263
2.655100 0.019776
2.665100 0.019776
2.675100 0.021656
2.685100 0.017965
2.695100 0.015946
2.705100 0.018940
2.715100 0.020751
2.725100 0.018522
2.735100 0.021516
2.745100 0.017130
2.755100 0.018522
2.765100 0.017060
2.775100 0.016503
2.785100 0.018244
2.795100 0.016712
2.805100 0.019010
2.815100 0.015667
2.825100 0.016712
2.835100 0.018035
2.845100 0.013996
2.855100 0.015598
2.865100 0.015667
2.875100 0.014205
2.885100 0.016433
2.895100 0.015180
2.905100 0.015598
2.915100 0.013300
2.925100 0.013091
2.935100 0.013369
2.945100 0.012395
2.955100 0.011768
2.965100 0.013857
2.975100 0.012673
2.985100 0.010097
2.995100 0.009679
3.005100 0.011072
3.015100 0.010306
3.025100 0.011838
3.035100 0.010445
3.045100 0.009679
3.055100 0.007799
3.065100 0.008565
3.075100 0.010027
3.085100 0.006963
3.095100 0.010236
3.105100 0.008077
3.115100 0.006894
3.125100 0.006406
3.135100 0.007033
3.145100 0.006058
3.155100 0.006545
3.165100 0.005780
3.175100 0.004665
3.185100 0.005431
3.195100 0.005362
3.205100 0.005919
3.215100 0.004665
3.225100 0.004805
3.235100 0.004735
3.245100 0.005640
3.255100 0.003621
3.265100 0.005222
3.275100 0.004108
3.285100 0.003760
3.295100 0.003969
3.305100 0.004735
3.315100 0.004387
3.325100 0.004108
3.335100 0.002994
3.345100 0.004039
3.355100 0.002716
3.365100 0.002089
3.375100 0.003899
3.385100 0.002716
3.395100 0.002159
3.405100 0.002716
3.415100 0.002089
3.425100 0.001880
3.435100 0.002019
3.445100 0.001741
3.455100 0.002019
3.465100 0.002925
3.475100 0.001393
3.485100 0.001462
3.495100 0.001323
3.505100 0.000487
3.515100 0.000000
3.525100 0.000000
3.535100 0.000000
3.545100 0.000000
3.555100 0.000000
3.565100 0.000000
3.575100 0.000000
3.585100 0.000000
3.595100 0.000000
3.605100 0.000000
3.615100 0.000000
3.625100 0.000000
3.635100 0.000000
3.645100 0.000000
3.655100 0.000000
3.665100 0.000000
3.675100 0.000000
3.685100 0.000000
3.695100 0.000000
3.705100 0.000000
3.715100 0.000000
3.725100 0.000000
3.735100 0.000000
3.745100 0.000000
3.755100 0.000000
3.765100 0.000000
3.775100 0.000000
3.785100 0.000000
3.795100 0.000000
3.805100 0.000000
3.815100 0.000000
3.825100 0.000000
3.835100 0.000000
3.845100 0.000000
3.855100 0.000000
3.865100 0.000000
3.875100 0.000000
3.885100 0.000000
3.895100 0.000000
3.905100 0.000000
3.915100 0.000000
3.925100 0.000000
3.935100 0.000000
3.945100 0.000000
3.955100 0.000000
3.965100 0.000000
3.975100 0.000000
3.985100 0.000000
3.995100 0.000000
