0.000000 0.000000
0.005100 0.003765
0.015100 0.008802
0.025100 0.013476
0.035100 0.018851
0.045100 0.025174
0.055100 0.033094
0.065100 0.042961
0.075100 0.055178
0.085100 0.064383
0.095100 0.080741
0.105100 0.096516
0.115100 0.113562
0.125100 0.122430
0.135100 0.130959
0.145100 0.140463
0.155100 0.152148
0.165100 0.157042
0.175100 0.169714
0.185100 0.179113
0.195100 0.189980
0.205100 0.197276
0.215100 0.206429
0.225100 0.215063
0.235100 0.224268
0.245100 0.227786
0.255100 0.236057
0.265100 0.241574
0.275100 0.243262
0.285100 0.246599
0.295100 0.245041
0.305100 0.226034
0.315100 0.209636
0.325100 0.204534
0.335100 0.202729
0.345100 0.198549
0.355100 0.196952
0.365100 0.197562
0.375100 0.194680
0.385100 0.192888
0.395100 0.196121
0.405100 0.198860
0.415100 0.211869
0.425100 0.235317
0.435100 0.266722
0.445100 0.295220
0.455100 0.323211
0.465100 0.352800
0.475100 0.373767
0.485100 0.398850
0.495100 0.425595
0.505100 0.453067
0.515100 0.471036
0.525100 0.493327
0.535100 0.556827
0.545100 0.639464
0.555100 0.750027
0.565100 0.885284
0.575100 1.051842
0.585100 1.252469
0.595100 1.470375
0.605100 1.666665
0.615100 1.874198
0.625100 2.043548
0.635100 2.199616
0.645100 2.327460
0.655100 2.431492
0.665100 2.550676
0.675100 2.671704
0.685100 2.805753
0.695100 2.958212
0.705100 3.074410
0.715100 3.054299
0.725100 2.979998
0.735100 2.894543
0.745100 2.806908
0.755100 2.706550
0.765100 2.585445
0.775100 2.470545
0.785100 2.350829
0.795100 2.245667
0.805100 2.145036
0.815100 2.026099
0.825100 1.927129
0.835100 1.819072
0.845100 1.722206
0.855100 1.636038
0.865100 1.544352
0.875100 1.451134
0.885100 1.348997
0.895100 1.246470
0.905100 1.142100
0.915100 1.030732
0.925100 0.912210
0.935100 0.807866
0.945100 0.714817
0.955100 0.662898
0.965100 0.621197
0.975100 0.588739
0.985100 0.574977
0.995100 0.559515
1.005100 0.531965
1.015100 0.490835
1.025100 0.432035
1.035100 0.372975
1.045100 0.327028
1.055100 0.292078
1.065100 0.268034
1.075100 0.246910
1.085100 0.228319
1.095100 0.207079
1.105100 0.187734
1.115100 0.173115
1.125100 0.157613
1.135100 0.146786
1.145100 0.135659
1.155100 0.129960
1.165100 0.123624
1.175100 0.116029
1.185100 0.115224
1.195100 0.111732
1.205100 0.100891
1.215100 0.088362
1.225100 0.075652
1.235100 0.069160
1.245100 0.066551
1.255100 0.064032
1.265100 0.057774
1.275100 0.056632
1.285100 0.050543
1.295100 0.045596
1.305100 0.041039
1.315100 0.037508
1.325100 0.035664
1.335100 0.034067
1.345100 0.033146
1.355100 0.034794
1.365100 0.034366
1.375100 0.035275
1.385100 0.033185
1.395100 0.032029
1.405100 0.031938
1.415100 0.032522
1.425100 0.032302
1.435100 0.031912
1.445100 0.031964
1.455100 0.030770
1.465100 0.031146
1.475100 0.031016
1.485100 0.031081
1.495100 0.031133
1.505100 0.030796
1.515100 0.030757
1.525100 0.029887
1.535100 0.029264
1.545100 0.027719
1.555100 0.026862
1.565100 0.026719
1.575100 0.025719
1.585100 0.026420
1.595100 0.024746
1.605100 0.024901
1.615100 0.024291
1.625100 0.023538
1.635100 0.022474
1.645100 0.021448
1.655100 0.022681
1.665100 0.021279
1.675100 0.021240
1.685100 0.021162
1.695100 0.020630
1.705100 0.020305
1.715100 0.019955
1.725100 0.019124
1.735100 0.018163
1.745100 0.018072
1.755100 0.017553
1.765100 0.017579
1.775100 0.015748
1.785100 0.015930
1.795100 0.015826
1.805100 0.016112
1.815100 0.014853
1.825100 0.014164
1.835100 0.014930
1.845100 0.014177
1.855100 0.014203
1.865100 0.013879
1.875100 0.013035
1.885100 0.013048
1.895100 0.012853
1.905100 0.012827
1.915100 0.011905
1.925100 0.011724
1.935100 0.011659
1.945100 0.011905
1.955100 0.011633
1.965100 0.010737
1.975100 0.010867
1.985100 0.010218
1.995100 0.010958
2.005100 0.010490
2.015100 0.010412
2.025100 0.009555
2.035100 0.009322
2.045100 0.009270
2.055100 0.009322
2.065100 0.009153
2.075100 0.009581
2.085100 0.009062
2.095100 0.008556
2.105100 0.008335
2.115100 0.008335
2.125100 0.008231
2.135100 0.008647
2.145100 0.007959
2.155100 0.008049
2.165100 0.007712
2.175100 0.008660
2.185100 0.007452
2.195100 0.007426
2.205100 0.007426
2.215100 0.007063
2.225100 0.007686
2.235100 0.006920
2.245100 0.007180
2.255100 0.006388
2.265100 0.007037
2.275100 0.006660
2.285100 0.006297
2.295100 0.006271
2.305100 0.005648
2.315100 0.005946
2.325100 0.005959
2.335100 0.005700
2.345100 0.005842
2.355100 0.005401
2.365100 0.005751
2.375100 0.005920
2.385100 0.004972
2.395100 0.005128
2.405100 0.005375
2.415100 0.005440
2.425100 0.004752
2.435100 0.005128
2.445100 0.004609
2.455100 0.005115
2.465100 0.004297
2.475100 0.004648
2.485100 0.004142
2.495100 0.004336
2.505100 0.004401
2.515100 0.004414
2.525100 0.003752
2.535100 0.003973
2.545100 0.003960
2.555100 0.003895
2.565100 0.003181
2.575100 0.003220
2.585100 0.003557
2.595100 0.003648
2.605100 0.003544
2.615100 0.003389
2.625100 0.003116
2.635100 0.003207
2.645100 0.003466
2.655100 0.003285
2.665100 0.003194
2.675100 0.003272
2.685100 0.003116
2.695100 0.002674
2.705100 0.002713
2.715100 0.002934
2.725100 0.002999
2.735100 0.002713
2.745100 0.002921
2.755100 0.002623
2.765100 0.002999
2.775100 0.003012
2.785100 0.002350
2.795100 0.002571
2.805100 0.002233
2.815100 0.002103
2.825100 0.002259
2.835100 0.002623
2.845100 0.002350
2.855100 0.002454
2.865100 0.002168
2.875100 0.002168
2.885100 0.002051
2.895100 0.002532
2.905100 0.002064
2.915100 0.002324
2.925100 0.002064
2.935100 0.002220
2.945100 0.001857
2.955100 0.001973
2.965100 0.001844
2.975100 0.001986
2.985100 0.001960
2.995100 0.001714
3.005100 0.001597
3.015100 0.001818
3.025100 0.001805
3.035100 0.001714
3.045100 0.001857
3.055100 0.001519
3.065100 0.001545
3.075100 0.001545
3.085100 0.001376
3.095100 0.001402
3.105100 0.001584
3.115100 0.001519
3.125100 0.001493
3.135100 0.001402
3.145100 0.001233
3.155100 0.001233
3.165100 0.001130
3.175100 0.001233
3.185100 0.001207
3.195100 0.001155
3.205100 0.001065
3.215100 0.000987
3.225100 0.000961
3.235100 0.001065
3.245100 0.000818
3.255100 0.000831
3.265100 0.000740
3.275100 0.001039
3.285100 0.000779
3.295100 0.000727
3.305100 0.001000
3.315100 0.000636
3.325100 0.000870
3.335100 0.000805
3.345100 0.000610
3.355100 0.000532
3.365100 0.000636
3.375100 0.000688
3.385100 0.000701
3.395100 0.000428
3.405100 0.000493
3.415100 0.000558
3.425100 0.000415
3.435100 0.000532
3.445100 0.000312
3.455100 0.000402
3.465100 0.000415
3.475100 0.000480
3.485100 0.000260
3.495100 0.000299
3.505100 0.000247
3.515100 0.000000
3.525100 0.000000
3.535100 0.000000
3.545100 0.000000
3.555100 0.000000
3.565100 0.000000
3.575100 0.000000
3.585100 0.000000
3.595100 0.000000
3.605100 0.000000
3.615100 0.000000
3.625100 0.000000
3.635100 0.000000
3.645100 0.000000
3.655100 0.000000
3.665100 0.000000
3.675100 0.000000
3.685100 0.000000
3.695100 0.000000
3.705100 0.000000
3.715100 0.000000
3.725100 0.000000
3.735100 0.000000
3.745100 0.000000
3.755100 0.000000
3.765100 0.000000
3.775100 0.000000
3.785100 0.000000
3.795100 0.000000
3.805100 0.000000
3.815100 0.000000
3.825100 0.000000
3.835100 0.000000
3.845100 0.000000
3.855100 0.000000
3.865100 0.000000
3.875100 0.000000
3.885100 0.000000
3.895100 0.000000
3.905100 0.000000
3.915100 0.000000
3.925100 0.000000
3.935100 0.000000
3.945100 0.000000
3.955100 0.000000
3.965100 0.000000
3.975100 0.000000
3.985100 0.000000
3.995100 0.000000
