0.000000 0.000000
0.005100 0.016849
0.015100 0.057641
0.025100 0.101707
0.035100 0.156482
0.045100 0.208734
0.055100 0.294138
0.065100 0.376540
0.075100 0.492981
0.085100 0.621291
0.095100 0.769178
0.105100 0.952332
0.115100 1.163317
0.125100 1.345039
0.135100 1.593882
0.145100 1.829629
0.155100 2.038568
0.165100 2.286252
0.175100 2.615861
0.185100 2.918252
0.195100 3.213686
0.205100 3.475149
0.215100 3.801279
0.225100 4.134981
0.235100 4.470661
0.245100 4.819779
0.255100 5.161529
0.265100 5.448164
0.275100 5.701373
0.285100 5.817064
0.295100 5.787118
0.305100 5.510579
0.315100 5.321218
0.325100 5.428245
0.335100 5.459555
0.345100 5.488205
0.355100 5.484180
0.365100 5.620540
0.375100 5.732956
0.385100 5.988280
0.395100 6.312909
0.405100 6.650567
0.415100 7.288707
0.425100 8.103315
0.435100 8.832725
0.445100 9.530142
0.455100 10.115485
0.465100 10.734115
0.475100 11.447290
0.485100 11.902207
0.495100 12.443006
0.505100 12.979370
0.515100 13.611780
0.525100 14.548628
0.535100 15.565899
0.545100 16.149741
0.555100 16.673759
0.565100 17.019125
0.575100 16.675464
0.585100 15.563648
0.595100 14.046574
0.605100 12.379703
0.615100 10.834253
0.625100 9.586214
0.635100 8.570170
0.645100 7.593281
0.655100 6.742315
0.665100 5.990531
0.675100 5.315624
0.685100 4.606406
0.695100 3.892617
0.705100 3.264028
0.715100 2.748195
0.725100 2.300918
0.735100 2.007394
0.745100 1.732970
0.755100 1.528329
0.765100 1.343538
0.775100 1.167683
0.785100 1.047900
0.795100 0.960586
0.805100 0.873818
0.815100 0.808947
0.825100 0.762016
0.835100 0.702329
0.845100 0.659490
0.855100 0.644211
0.865100 0.624633
0.875100 0.623064
0.885100 0.603896
0.895100 0.574974
0.905100 0.524223
0.915100 0.467401
0.925100 0.409624
0.935100 0.361465
0.945100 0.333497
0.955100 0.335475
0.965100 0.339363
0.975100 0.347685
0.985100 0.355735
0.995100 0.383020
1.005100 0.407986
1.015100 0.418696
1.025100 0.416240
1.035100 0.392161
1.045100 0.380701
1.055100 0.379268
1.065100 0.404439
1.075100 0.408941
1.085100 0.402802
1.095100 0.405190
1.105100 0.397550
1.115100 0.388204
1.125100 0.386636
1.135100 0.392707
1.145100 0.396731
1.155100 0.390660
1.165100 0.398232
1.175100 0.388477
1.185100 0.351915
1.195100 0.295570
1.205100 0.215487
1.215100 0.159825
1.225100 0.116032
1.235100 0.108664
1.245100 0.102662
1.255100 0.096932
1.265100 0.098569
1.275100 0.091952
1.285100 0.081584
1.295100 0.073125
1.305100 0.061324
1.315100 0.066645
1.325100 0.060915
1.335100 0.063439
1.345100 0.064053
1.355100 0.064053
1.365100 0.068350
1.375100 0.069032
1.385100 0.064121
1.395100 0.069032
1.405100 0.073671
1.415100 0.078855
1.425100 0.073193
1.435100 0.071624
1.445100 0.074421
1.455100 0.074830
1.465100 0.076877
1.475100 0.081311
1.485100 0.082880
1.495100 0.082129
1.505100 0.084176
1.515100 0.091475
1.525100 0.080833
1.535100 0.083494
1.545100 0.082811
1.555100 0.077491
1.565100 0.086563
1.575100 0.085813
1.585100 0.081038
1.595100 0.080151
1.605100 0.078787
1.615100 0.081379
1.625100 0.080288
1.635100 0.079947
1.645100 0.079060
1.655100 0.081379
1.665100 0.083630
1.675100 0.081038
1.685100 0.082129
1.695100 0.076740
1.705100 0.081379
1.715100 0.075581
1.725100 0.075922
1.735100 0.073739
1.745100 0.071352
1.755100 0.073193
1.765100 0.069714
1.775100 0.069032
1.785100 0.063371
1.795100 0.063507
1.805100 0.061597
1.815100 0.065553
1.825100 0.063166
1.835100 0.066918
1.845100 0.060301
1.855100 0.060301
1.865100 0.061665
1.875100 0.060165
1.885100 0.059073
1.895100 0.060778
1.905100 0.055662
1.915100 0.058255
1.925100 0.059073
1.935100 0.055185
1.945100 0.059414
1.955100 0.054776
1.965100 0.055321
1.975100 0.056345
1.985100 0.056072
1.995100 0.053480
2.005100 0.054230
2.015100 0.052866
2.025100 0.054094
2.035100 0.051229
2.045100 0.052525
2.055100 0.052320
2.065100 0.046658
2.075100 0.049387
2.085100 0.050546
2.095100 0.049387
2.105100 0.051092
2.115100 0.049455
2.125100 0.047954
2.135100 0.050956
2.145100 0.045567
2.155100 0.048091
2.165100 0.046385
2.175100 0.047409
2.185100 0.046317
2.195100 0.045157
2.205100 0.047886
2.215100 0.045226
2.225100 0.044885
2.235100 0.040246
2.245100 0.039564
2.255100 0.040519
2.265100 0.038677
2.275100 0.042361
2.285100 0.042838
2.295100 0.037859
2.305100 0.037245
2.315100 0.039769
2.325100 0.039155
2.335100 0.039769
2.345100 0.037108
2.355100 0.035539
2.365100 0.037586
2.375100 0.035471
2.385100 0.035403
2.395100 0.035744
2.405100 0.033970
2.415100 0.030901
2.425100 0.033084
2.435100 0.032470
2.445100 0.034448
2.455100 0.030764
2.465100 0.030560
2.475100 0.032265
2.485100 0.029741
2.495100 0.030287
2.505100 0.027558
2.515100 0.028786
2.525100 0.027081
2.535100 0.029400
2.545100 0.025580
2.555100 0.024762
2.565100 0.026740
2.575100 0.028240
2.585100 0.026467
2.595100 0.025717
2.605100 0.025580
2.615100 0.024557
2.625100 0.025103
2.635100 0.025239
2.645100 0.025648
2.655100 0.024625
2.665100 0.025103
2.675100 0.025648
2.685100 0.024762
2.695100 0.022852
2.705100 0.024898
2.715100 0.020464
2.725100 0.022374
2.735100 0.023875
2.745100 0.023943
2.755100 0.023670
2.765100 0.022511
2.775100 0.021556
2.785100 0.021556
2.795100 0.022101
2.805100 0.022374
2.815100 0.020396
2.825100 0.022169
2.835100 0.020328
2.845100 0.022238
2.855100 0.022579
2.865100 0.021487
2.875100 0.020532
2.885100 0.020191
2.895100 0.019577
2.905100 0.021556
2.915100 0.018486
2.925100 0.019577
2.935100 0.017940
2.945100 0.017872
2.955100 0.017940
2.965100 0.019577
2.975100 0.016235
2.985100 0.018827
2.995100 0.019373
3.005100 0.020055
3.015100 0.018349
3.025100 0.017667
3.035100 0.018418
3.045100 0.016440
3.055100 0.016985
3.065100 0.016098
3.075100 0.015621
3.085100 0.016644
3.095100 0.017258
3.105100 0.016167
3.115100 0.015143
3.125100 0.016098
3.135100 0.014257
3.145100 0.015485
3.155100 0.014052
3.165100 0.013643
3.175100 0.013097
3.185100 0.015007
3.195100 0.012892
3.205100 0.011937
3.215100 0.013438
3.225100 0.014871
3.235100 0.010914
3.245100 0.011937
3.255100 0.012210
3.265100 0.011392
3.275100 0.011323
3.285100 0.010437
3.295100 0.008595
3.305100 0.011801
3.315100 0.011733
3.325100 0.009823
3.335100 0.009004
3.345100 0.009413
3.355100 0.009345
3.365100 0.007845
3.375100 0.008049
3.385100 0.008595
3.395100 0.008800
3.405100 0.007640
3.415100 0.008800
3.425100 0.005935
3.435100 0.007367
3.445100 0.006549
3.455100 0.006617
3.465100 0.006003
3.475100 0.006071
3.485100 0.006003
3.495100 0.004707
3.505100 0.002865
3.515100 0.000000
3.525100 0.000000
3.535100 0.000000
3.545100 0.000000
3.555100 0.000000
3.565100 0.000000
3.575100 0.000000
3.585100 0.000000
3.595100 0.000000
3.605100 0.000000
3.615100 0.000000
3.625100 0.000000
3.635100 0.000000
3.645100 0.000000
3.655100 0.000000
3.665100 0.000000
3.675100 0.000000
3.685100 0.000000
3.695100 0.000000
3.705100 0.000000
3.715100 0.000000
3.725100 0.000000
3.735100 0.000000
3.745100 0.000000
3.755100 0.000000
3.765100 0.000000
3.775100 0.000000
3.785100 0.000000
3.795100 0.000000
3.805100 0.000000
3.815100 0.000000
3.825100 0.000000
3.835100 0.000000
3.845100 0.000000
3.855100 0.000000
3.865100 0.000000
3.875100 0.000000
3.885100 0.000000
3.895100 0.000000
3.905100 0.000000
3.915100 0.000000
3.925100 0.000000
3.935100 0.000000
3.945100 0.000000
3.955100 0.000000
3.965100 0.000000
3.975100 0.000000
3.985100 0.000000
3.995100 0.000000
