0.000000000000000000e+00 1.000000000000000000e+00
1.568599999999999856e-02 1.000000000000000000e+00
3.137299999999999811e-02 1.000000000000000000e+00
4.705899999999999667e-02 1.000000000000000000e+00
6.274499999999999522e-02 1.000000000000000000e+00
7.843100000000000072e-02 1.000000000000000000e+00
9.411799999999999333e-02 1.000000000000000000e+00
1.098039999999999988e-01 1.000000000000000000e+00
1.254899999999999904e-01 1.000000000000000000e+00
1.411759999999999959e-01 1.000000000000000000e+00
1.568630000000000024e-01 1.000000000000000000e+00
1.725490000000000079e-01 1.000000000000000000e+00
1.882350000000000134e-01 1.000000000000000000e+00
2.039219999999999922e-01 1.000000000000000000e+00
2.196079999999999977e-01 1.000000000000000000e+00
2.352940000000000031e-01 1.000000000000000000e+00
2.509799999999999809e-01 1.000000000000000000e+00
2.666669999999999874e-01 1.000000000000000000e+00
2.823530000000000206e-01 1.000000000000000000e+00
2.980389999999999984e-01 1.000000000000000000e+00
3.137249999999999761e-01 1.000000000000000000e+00
3.294119999999999826e-01 1.000000000000000000e+00
3.450980000000000159e-01 1.000000000000000000e+00
3.607839999999999936e-01 1.000000000000000000e+00
3.764710000000000001e-01 1.000000000000000000e+00
3.921569999999999778e-01 1.000000000000000000e+00
4.078430000000000111e-01 1.000000000000000000e+00
4.235289999999999888e-01 1.000000000000000000e+00
4.392159999999999953e-01 1.000000000000000000e+00
4.549019999999999730e-01 1.000000000000000000e+00
4.705880000000000063e-01 1.000000000000000000e+00
4.862750000000000128e-01 1.000000000000000000e+00
5.019609999999999905e-01 1.000000000000000000e+00
5.176469999999999683e-01 1.000000000000000000e+00
5.333329999999999460e-01 1.000000000000000000e+00
5.490199999999999525e-01 1.000000000000000000e+00
5.647060000000000413e-01 1.000000000000000000e+00
5.803920000000000190e-01 1.000000000000000000e+00
5.960779999999999967e-01 1.000000000000000000e+00
6.117650000000000032e-01 1.000000000000000000e+00
6.274509999999999810e-01 1.000000000000000000e+00
6.431369999999999587e-01 1.000000000000000000e+00
6.588239999999999652e-01 1.000000000000000000e+00
6.745100000000000540e-01 1.000000000000000000e+00
6.901960000000000317e-01 1.000000000000000000e+00
7.058820000000000094e-01 1.000000000000000000e+00
7.215690000000000159e-01 1.000000000000000000e+00
7.372549999999999937e-01 1.000000000000000000e+00
7.529409999999999714e-01 1.000000000000000000e+00
7.686269999999999492e-01 1.000000000000000000e+00
7.843139999999999556e-01 1.000000000000000000e+00
8.000000000000000444e-01 1.000000000000000000e+00
8.156860000000000221e-01 1.000000000000000000e+00
8.313730000000000286e-01 1.000000000000000000e+00
8.470590000000000064e-01 1.000000000000000000e+00
8.627449999999999841e-01 1.000000000000000000e+00
8.784309999999999619e-01 1.000000000000000000e+00
8.941179999999999684e-01 1.000000000000000000e+00
9.098039999999999461e-01 1.000000000000000000e+00
9.254900000000000349e-01 1.000000000000000000e+00
9.411760000000000126e-01 1.000000000000000000e+00
9.568630000000000191e-01 9.999933675631780261e-01
9.725489999999999968e-01 9.974558942951337048e-01
9.882349999999999746e-01 9.949184210270894946e-01
1.003921999999999981e+00 9.923807859922934016e-01
1.019608000000000070e+00 9.898433127242490803e-01
1.035293999999999937e+00 9.873058394562048701e-01
1.050980000000000025e+00 9.847683661881605488e-01
1.066667000000000032e+00 9.822307311533645668e-01
1.082352999999999899e+00 9.796932578853203566e-01
1.098038999999999987e+00 9.771557846172760353e-01
1.113725000000000076e+00 9.746183113492317140e-01
1.129412000000000083e+00 9.720806763144357321e-01
1.145097999999999949e+00 9.695432030463914108e-01
1.160784000000000038e+00 9.670057297783472006e-01
1.176471000000000044e+00 9.644680947435511076e-01
1.192156999999999911e+00 9.619306214755068973e-01
1.207843000000000000e+00 9.593931482074625761e-01
1.223529000000000089e+00 9.568556749394182548e-01
1.239216000000000095e+00 9.543180399046222728e-01
1.254901999999999962e+00 9.517805666365779516e-01
1.270588000000000051e+00 9.499999999999999556e-01
1.286275000000000057e+00 9.499999999999999556e-01
1.301960999999999924e+00 9.499999999999999556e-01
1.317647000000000013e+00 9.499999999999999556e-01
1.333333000000000101e+00 9.499999999999999556e-01
1.349020000000000108e+00 9.499999999999999556e-01
1.364705999999999975e+00 9.499999999999999556e-01
1.380392000000000063e+00 9.499999999999999556e-01
1.396077999999999930e+00 9.499999999999999556e-01
1.411764999999999937e+00 9.499999999999999556e-01
1.427451000000000025e+00 9.499999999999999556e-01
1.443136999999999892e+00 9.499999999999999556e-01
1.458823999999999899e+00 9.499999999999999556e-01
1.474509999999999987e+00 9.499999999999999556e-01
1.490196000000000076e+00 9.499999999999999556e-01
1.505881999999999943e+00 9.499999999999999556e-01
1.521568999999999949e+00 9.499999999999999556e-01
1.537255000000000038e+00 9.499999999999999556e-01
1.552940999999999905e+00 9.499999999999999556e-01
1.568626999999999994e+00 9.499999999999999556e-01
1.584314000000000000e+00 9.499999999999999556e-01
1.600000000000000089e+00 9.499999999999999556e-01
1.615685999999999956e+00 9.499999999999999556e-01
1.631372999999999962e+00 9.499999999999999556e-01
1.647059000000000051e+00 9.499999999999999556e-01
1.662744999999999918e+00 9.499999999999999556e-01
1.678431000000000006e+00 9.499999999999999556e-01
1.694118000000000013e+00 9.499999999999999556e-01
1.709804000000000102e+00 9.499999999999999556e-01
1.725489999999999968e+00 9.499999999999999556e-01
1.741176000000000057e+00 9.499999999999999556e-01
1.756863000000000063e+00 9.499999999999999556e-01
1.772548999999999930e+00 9.499999999999999556e-01
1.788235000000000019e+00 9.499999999999999556e-01
1.803922000000000025e+00 9.499999999999999556e-01
1.819607999999999892e+00 9.499999999999999556e-01
1.835293999999999981e+00 9.499999999999999556e-01
1.850980000000000070e+00 9.499999999999999556e-01
1.866667000000000076e+00 9.499999999999999556e-01
1.882352999999999943e+00 9.499999999999999556e-01
1.898039000000000032e+00 9.499999999999999556e-01
1.913724999999999898e+00 9.499999999999999556e-01
1.929411999999999905e+00 9.499999999999999556e-01
1.945097999999999994e+00 9.499999999999999556e-01
1.960784000000000082e+00 9.499999999999999556e-01
1.976471000000000089e+00 9.499999999999999556e-01
1.992156999999999956e+00 9.499999999999999556e-01
2.007842999999999822e+00 9.499999999999999556e-01
2.023528999999999911e+00 9.499999999999999556e-01
2.039216000000000140e+00 9.499999999999999556e-01
2.054901999999999784e+00 9.499999999999999556e-01
2.070587999999999873e+00 9.499999999999999556e-01
2.086275000000000102e+00 9.499999999999999556e-01
2.101961000000000190e+00 9.499999999999999556e-01
2.117646999999999835e+00 9.499999999999999556e-01
2.133332999999999924e+00 9.499999999999999556e-01
2.149020000000000152e+00 9.499999999999999556e-01
2.164705999999999797e+00 9.499999999999999556e-01
2.180391999999999886e+00 9.499999999999999556e-01
2.196077999999999975e+00 9.499999999999999556e-01
2.211765000000000203e+00 9.499999999999999556e-01
2.227450999999999848e+00 9.499999999999999556e-01
2.243136999999999937e+00 9.499999999999999556e-01
2.258824000000000165e+00 9.499999999999999556e-01
2.274509999999999810e+00 9.499999999999999556e-01
2.290195999999999898e+00 9.499999999999999556e-01
2.305881999999999987e+00 9.499999999999999556e-01
2.321569000000000216e+00 9.499999999999999556e-01
2.337254999999999860e+00 9.499999999999999556e-01
2.352940999999999949e+00 9.499999999999999556e-01
2.368627000000000038e+00 9.499999999999999556e-01
2.384313999999999822e+00 9.499999999999999556e-01
2.399999999999999911e+00 9.499999999999999556e-01
2.415686000000000000e+00 9.499999999999999556e-01
2.431372999999999784e+00 9.499999999999999556e-01
2.447058999999999873e+00 9.499999999999999556e-01
2.462744999999999962e+00 9.499999999999999556e-01
2.478431000000000051e+00 9.499999999999999556e-01
2.494117999999999835e+00 9.499999999999999556e-01
2.509803999999999924e+00 9.499999999999999556e-01
2.525490000000000013e+00 9.499999999999999556e-01
2.541176000000000101e+00 9.499999999999999556e-01
2.556862999999999886e+00 9.499999999999999556e-01
2.572548999999999975e+00 9.499999999999999556e-01
2.588235000000000063e+00 9.499999999999999556e-01
2.603921999999999848e+00 9.499999999999999556e-01
2.619607999999999937e+00 9.499999999999999556e-01
2.635294000000000025e+00 9.499999999999999556e-01
2.650980000000000114e+00 9.499999999999999556e-01
2.666666999999999899e+00 9.499999999999999556e-01
2.682352999999999987e+00 9.499999999999999556e-01
2.698039000000000076e+00 9.499999999999999556e-01
2.713725000000000165e+00 9.499999999999999556e-01
2.729411999999999949e+00 9.499999999999999556e-01
2.745098000000000038e+00 9.499999999999999556e-01
2.760784000000000127e+00 9.499999999999999556e-01
2.776470999999999911e+00 9.499999999999999556e-01
2.792157000000000000e+00 9.499999999999999556e-01
2.807843000000000089e+00 9.499999999999999556e-01
2.823529000000000178e+00 9.499999999999999556e-01
2.839215999999999962e+00 9.499999999999999556e-01
2.854902000000000051e+00 9.499999999999999556e-01
2.870588000000000140e+00 9.499999999999999556e-01
2.886274999999999924e+00 9.499999999999999556e-01
2.901961000000000013e+00 9.499999999999999556e-01
2.917647000000000101e+00 9.499999999999999556e-01
2.933333000000000190e+00 9.499999999999999556e-01
2.949019999999999975e+00 9.499999999999999556e-01
2.964706000000000063e+00 9.499999999999999556e-01
2.980392000000000152e+00 9.499999999999999556e-01
2.996077999999999797e+00 9.499999999999999556e-01
3.011765000000000025e+00 9.499999999999999556e-01
3.027451000000000114e+00 9.499999999999999556e-01
3.043137000000000203e+00 9.499999999999999556e-01
3.058823999999999987e+00 9.499999999999999556e-01
3.074510000000000076e+00 9.499999999999999556e-01
3.090196000000000165e+00 9.499999999999999556e-01
3.105881999999999810e+00 9.499999999999999556e-01
3.121569000000000038e+00 9.499999999999999556e-01
3.137255000000000127e+00 9.499999999999999556e-01
3.152941000000000216e+00 9.499999999999999556e-01
3.168626999999999860e+00 9.499999999999999556e-01
3.184314000000000089e+00 9.499999999999999556e-01
3.200000000000000178e+00 9.499999999999999556e-01
3.215685999999999822e+00 9.499999999999999556e-01
3.231373000000000051e+00 9.499999999999999556e-01
3.247059000000000140e+00 9.499999999999999556e-01
3.262744999999999784e+00 9.499999999999999556e-01
3.278430999999999873e+00 9.499999999999999556e-01
3.294118000000000102e+00 9.499999999999999556e-01
3.309804000000000190e+00 9.499999999999999556e-01
3.325489999999999835e+00 9.499999999999999556e-01
3.341175999999999924e+00 9.499999999999999556e-01
3.356863000000000152e+00 9.499999999999999556e-01
3.372548999999999797e+00 9.499999999999999556e-01
3.388234999999999886e+00 9.499999999999999556e-01
3.403922000000000114e+00 9.499999999999999556e-01
3.419608000000000203e+00 9.499999999999999556e-01
3.435293999999999848e+00 9.499999999999999556e-01
3.450979999999999936e+00 9.499999999999999556e-01
3.466667000000000165e+00 9.499999999999999556e-01
3.482352999999999810e+00 9.499999999999999556e-01
3.498038999999999898e+00 9.499999999999999556e-01
3.513724999999999987e+00 9.499999999999999556e-01
3.529412000000000216e+00 9.499999999999999556e-01
3.545097999999999860e+00 9.499999999999999556e-01
3.560783999999999949e+00 9.499999999999999556e-01
3.576471000000000178e+00 9.499999999999999556e-01
3.592156999999999822e+00 9.499999999999999556e-01
3.607842999999999911e+00 9.499999999999999556e-01
3.623529000000000000e+00 9.499999999999999556e-01
3.639215999999999784e+00 9.499999999999999556e-01
3.654901999999999873e+00 9.499999999999999556e-01
3.670587999999999962e+00 9.499999999999999556e-01
3.686275000000000190e+00 9.499999999999999556e-01
3.701960999999999835e+00 9.499999999999999556e-01
3.717646999999999924e+00 9.499999999999999556e-01
3.733333000000000013e+00 9.499999999999999556e-01
3.749019999999999797e+00 9.499999999999999556e-01
3.764705999999999886e+00 9.499999999999999556e-01
3.780391999999999975e+00 9.499999999999999556e-01
3.796078000000000063e+00 9.499999999999999556e-01
3.811764999999999848e+00 9.499999999999999556e-01
3.827450999999999937e+00 9.499999999999999556e-01
3.843137000000000025e+00 9.499999999999999556e-01
3.858823999999999810e+00 9.499999999999999556e-01
3.874509999999999899e+00 9.499999999999999556e-01
3.890195999999999987e+00 9.499999999999999556e-01
3.905882000000000076e+00 9.499999999999999556e-01
3.921568999999999861e+00 9.499999999999999556e-01
3.937254999999999949e+00 9.499999999999999556e-01
3.952941000000000038e+00 9.499999999999999556e-01
3.968627000000000127e+00 9.499999999999999556e-01
3.984313999999999911e+00 9.499999999999999556e-01
4.000000000000000000e+00 9.499999999999999556e-01
