# Matter power spectrum P(k) at redshift z=0
# for k=1.05078e-05 to 36.4877 h/Mpc,
# number of wavenumbers equal to 554
#    1:k (h/Mpc)              2:P (Mpc/h)^3        
       1.050775864144e-05       4.632990110485e+01 
       2.335379909331e-05       1.001701731084e+02 
       3.624499986474e-05       1.531213687531e+02 
       4.921585830513e-05       2.057303929135e+02 
       6.230144129434e-05       2.583121287797e+02 
       7.553769623832e-05       3.111045250512e+02 
       8.896177198398e-05       3.643122843574e+02 
       1.026123538995e-04       4.181248120147e+02 
       1.165300173982e-04       4.727254695244e+02 
       1.307576042188e-04       5.282971933361e+02 
       1.453406257795e-04       5.850264269642e+02 
       1.603276978694e-04       6.431062059108e+02 
       1.757710107649e-04       7.027387892354e+02 
       1.917268385052e-04       7.641380955347e+02 
       2.082560904199e-04       8.275320364571e+02 
       2.254249069596e-04       8.931648301283e+02 
       2.433053002674e-04       9.612993414020e+02 
       2.619758375302e-04       1.032219426669e+03 
       2.815223617091e-04       1.106232322887e+03 
       3.020387394360e-04       1.183670968294e+03 
       3.236276193238e-04       1.264896268273e+03 
       3.464011752645e-04       1.350299125646e+03 
       3.704817981227e-04       1.440302142268e+03 
       3.960026853074e-04       1.535360754995e+03 
       4.231082610385e-04       1.635963562724e+03 
       4.519543411873e-04       1.742631523160e+03 
       4.827079366588e-04       1.855915603818e+03 
       5.155465707926e-04       1.976392489203e+03 
       5.506569731213e-04       2.104657834663e+03 
       5.882330096566e-04       2.241316639571e+03 
       6.284727258074e-04       2.386970381398e+03 
       6.715744198288e-04       2.542200781476e+03 
       7.177317388121e-04       2.707550268381e+03 
       7.671278977868e-04       2.883499815419e+03 
       8.199292597029e-04       3.070445146874e+03 
       8.762786630187e-04       3.268672949409e+03 
       9.362890159897e-04       3.478339148184e+03 
       1.000037756867e-03       3.699451459447e+03 
       1.067562773594e-03       3.931858375893e+03 
       1.138860266716e-03       4.175246207076e+03 
       1.213884832345e-03       4.429144921960e+03 
       1.292551774132e-03       4.692942642714e+03 
       1.374741380208e-03       4.965869225747e+03 
       1.460304681646e-03       5.247127135787e+03 
       1.549070084834e-03       5.535829966729e+03 
       1.640850254932e-03       5.831049516253e+03 
       1.735448706037e-03       6.131847444576e+03 
       1.832665691987e-03       6.437297991776e+03 
       1.932303151156e-03       6.746506327672e+03 
       2.034168606818e-03       7.058622635663e+03 
       2.138078041904e-03       7.372851371552e+03 
       2.243857846007e-03       7.688457868284e+03 
       2.351345975517e-03       8.004770257020e+03 
       2.460392482188e-03       8.321179827956e+03 
       2.570859560188e-03       8.637139955482e+03 
       2.682621244941e-03       8.952161614870e+03 
       2.795562875189e-03       9.265811790282e+03 
       2.909580406989e-03       9.577706952424e+03 
       3.024579647358e-03       9.887510566157e+03 
       3.140475457214e-03       1.019492849082e+04 
       3.257190958557e-03       1.049970257024e+04 
       3.374656769297e-03       1.080161105211e+04 
       3.492810280409e-03       1.110045870096e+04 
       3.611594983697e-03       1.139608013183e+04 
       3.730959853909e-03       1.168833343592e+04 
       3.850858785787e-03       1.197709640412e+04 
       3.971250084596e-03       1.226226636971e+04 
       4.092096007385e-03       1.254376003811e+04 
       4.213362351479e-03       1.282150483690e+04 
       4.335018086378e-03       1.309544104560e+04 
       4.457035025141e-03       1.336552510584e+04 
       4.579387531425e-03       1.363171846302e+04 
       4.702052258526e-03       1.389399518544e+04 
       4.825007917034e-03       1.415232963089e+04 
       4.948235067987e-03       1.440670473690e+04 
       5.071715938684e-03       1.465714366419e+04 
       5.195434258622e-03       1.485024720017e+04 
       5.319375113265e-03       1.509066127754e+04 
       5.443524813612e-03       1.532709964138e+04 
       5.567870779760e-03       1.555957613891e+04 
       5.692401436863e-03       1.578811138874e+04 
       5.817106122071e-03       1.601271745487e+04 
       5.941975001195e-03       1.623341132410e+04 
       6.066998994007e-03       1.645023416490e+04 
       6.192169707189e-03       1.666319411145e+04 
       6.317479374092e-03       1.687231738702e+04 
       6.442920800531e-03       1.707763729662e+04 
       6.568487315966e-03       1.727917554722e+04 
       6.694172729465e-03       1.747697068749e+04 
       6.819971289951e-03       1.767105335771e+04 
       6.945877650251e-03       1.786144987683e+04 
       7.071886834562e-03       1.804819385878e+04 
       7.197994208963e-03       1.823132257414e+04 
       7.324195454657e-03       1.841085997241e+04 
       7.450486543669e-03       1.858684646962e+04 
       7.576863716739e-03       1.875932411099e+04 
       7.703323463198e-03       1.892831649936e+04 
       7.829862502618e-03       1.909386275850e+04 
       7.956477768072e-03       1.925599334892e+04 
       8.083166390842e-03       1.941474674615e+04 
       8.209925686435e-03       1.957015084334e+04 
       8.336753141772e-03       1.972225242838e+04 
       8.463646403468e-03       1.987108630262e+04 
       8.590603267062e-03       2.001668427331e+04 
       8.717621667140e-03       2.015907594338e+04 
       8.844699668258e-03       2.029829638130e+04 
       8.971835456587e-03       2.043438739780e+04 
       9.099027332229e-03       2.056737601510e+04 
       9.226273702129e-03       2.069730060464e+04 
       9.353573073545e-03       2.082419332643e+04 
       9.480924048018e-03       2.094808340026e+04 
       9.608325315808e-03       2.106901142414e+04 
       9.735775650740e-03       2.118700958178e+04 
       9.863273905452e-03       2.130210027578e+04 
       9.990819006987e-03       2.141432741546e+04 
       1.011840995271e-02       2.152371471201e+04 
       1.024604580653e-02       2.163029526689e+04 
       1.037372569540e-02       2.173410971075e+04 
       1.050144880605e-02       2.183517925703e+04 
       1.062921438199e-02       2.193353579535e+04 
       1.075702172070e-02       2.202921415293e+04 
       1.088487017099e-02       2.212224045434e+04 
       1.101275913065e-02       2.221265358209e+04 
       1.114068804415e-02       2.230047661708e+04 
       1.126865640057e-02       2.238574278036e+04 
       1.139666373164e-02       2.246847341115e+04 
       1.152470960995e-02       2.254870862166e+04 
       1.165279364724e-02       2.262648958889e+04 
       1.178091549286e-02       2.270181998655e+04 
       1.190907483234e-02       2.277473696580e+04 
       1.203727138594e-02       2.284527286372e+04 
       1.216550490750e-02       2.291346054847e+04 
       1.229377518321e-02       2.297931888889e+04 
       1.242208203053e-02       2.304287850564e+04 
       1.255042529718e-02       2.310416927972e+04 
       1.267880486020e-02       2.316322026184e+04 
       1.280722062511e-02       2.322004478050e+04 
       1.293567252505e-02       2.327470581885e+04 
       1.306416052008e-02       2.332719527518e+04 
       1.319268459646e-02       2.337755098606e+04 
       1.332124476603e-02       2.342580187197e+04 
       1.344984106561e-02       2.347197071242e+04 
       1.357847355648e-02       2.351608385937e+04 
       1.370714232386e-02       2.355816989334e+04 
       1.383584747648e-02       2.359824960152e+04 
       1.396458914614e-02       2.363634681755e+04 
       1.409336748735e-02       2.367248103164e+04 
       1.422218267701e-02       2.370669345032e+04 
       1.435103491406e-02       2.373899964551e+04 
       1.447992441924e-02       2.376941330938e+04 
       1.460885143485e-02       2.379796542860e+04 
       1.473781622451e-02       2.382468047618e+04 
       1.486681907301e-02       2.384958373816e+04 
       1.499586028612e-02       2.387270034353e+04 
       1.512494019050e-02       2.389403903612e+04 
       1.525405913354e-02       2.391364006149e+04 
       1.538321748334e-02       2.393151405012e+04 
       1.551241562860e-02       2.394769017508e+04 
       1.564165397863e-02       2.396218975394e+04 
       1.577093296330e-02       2.397502564859e+04 
       1.590025303306e-02       2.398622392456e+04 
       1.602961465896e-02       2.399580986049e+04 
       1.615901833274e-02       2.400380600112e+04 
       1.628846456682e-02       2.401023254217e+04 
       1.641795389447e-02       2.401509934087e+04 
       1.654748686986e-02       2.401844161749e+04 
       1.667706406819e-02       2.402027663542e+04 
       1.680668608586e-02       2.402062893794e+04 
       1.693635354060e-02       2.401949125401e+04 
       1.706606707166e-02       2.401692372692e+04 
       1.719582733999e-02       2.401292238371e+04 
       1.732563502847e-02       2.400751385847e+04 
       1.745549084213e-02       2.400071415510e+04 
       1.758539550839e-02       2.399254235739e+04 
       1.771534977731e-02       2.398302655742e+04 
       1.784535442191e-02       2.397218144066e+04 
       1.797541023840e-02       2.396000888004e+04 
       1.810551804655e-02       2.394656165443e+04 
       1.823567868998e-02       2.393184212833e+04 
       1.836589303653e-02       2.391585647346e+04 
       1.849616197859e-02       2.389863425414e+04 
       1.862648643351e-02       2.388019973707e+04 
       1.875686734398e-02       2.386056368633e+04 
       1.888730567841e-02       2.383973262534e+04 
       1.901780243144e-02       2.381775333896e+04 
       1.914835862431e-02       2.379462306595e+04 
       1.927897530534e-02       2.377037043512e+04 
       1.940965355044e-02       2.374500329017e+04 
       1.954039446360e-02       2.371856345973e+04 
       1.967119917738e-02       2.369102973924e+04 
       1.980206885349e-02       2.366242462148e+04 
       1.993300468332e-02       2.363280396278e+04 
       2.006400788853e-02       2.360214401363e+04 
       2.019507972162e-02       2.357047823558e+04 
       2.032622146660e-02       2.353783631967e+04 
       2.045743443957e-02       2.350418875819e+04 
       2.058871998942e-02       2.346964478491e+04 
       2.072007949849e-02       2.343412872537e+04 
       2.085151438327e-02       2.339767334139e+04 
       2.098302609515e-02       2.336031361901e+04 
       2.111461612113e-02       2.332208785920e+04 
       2.124628598465e-02       2.328296030652e+04 
       2.137803724633e-02       2.324300665066e+04 
       2.150987150483e-02       2.320219091181e+04 
       2.164179039769e-02       2.316052258677e+04 
       2.177379560219e-02       2.311809144935e+04 
       2.190588883628e-02       2.307479414215e+04 
       2.203807185950e-02       2.303076155263e+04 
       2.217034647393e-02       2.298594065684e+04 
       2.230271452523e-02       2.294036424471e+04 
       2.243517790357e-02       2.289405917333e+04 
       2.256773854478e-02       2.284705071036e+04 
       2.270039843139e-02       2.279928682814e+04 
       2.283315959376e-02       2.275086525752e+04 
       2.296602411122e-02       2.270173515473e+04 
       2.309899411330e-02       2.265193104874e+04 
       2.323207178092e-02       2.260148561544e+04 
       2.336525934769e-02       2.255040706771e+04 
       2.349855910122e-02       2.249871433183e+04 
       2.363197338442e-02       2.244637467396e+04 
       2.376550459697e-02       2.239339207491e+04 
       2.389915519670e-02       2.233986476202e+04 
       2.403292770110e-02       2.228577323327e+04 
       2.416682468885e-02       2.223111282060e+04 
       2.430084880138e-02       2.217590368020e+04 
       2.443500274454e-02       2.212012722054e+04 
       2.456928929023e-02       2.206385414306e+04 
       2.470371127822e-02       2.200705943616e+04 
       2.483827161785e-02       2.194973804786e+04 
       2.497297328998e-02       2.189194415565e+04 
       2.510781934882e-02       2.183365318489e+04 
       2.524281292400e-02       2.177489604977e+04 
       2.537795722252e-02       2.171573483278e+04 
       2.551325553096e-02       2.165606637276e+04 
       2.564871121761e-02       2.159599152809e+04 
       2.578432773474e-02       2.153551366908e+04 
       2.592010862094e-02       2.147457582970e+04 
       2.605605750357e-02       2.141325304348e+04 
       2.619217810121e-02       2.135156413791e+04 
       2.632847422629e-02       2.128949682719e+04 
       2.646494978777e-02       2.122706930142e+04 
       2.660160879388e-02       2.116425397223e+04 
       2.673845535503e-02       2.110109682982e+04 
       2.687549368678e-02       2.103763661612e+04 
       2.701272811289e-02       2.097384188856e+04 
       2.715016306857e-02       2.090969400093e+04 
       2.728780310374e-02       2.084529813632e+04 
       2.742565288649e-02       2.078054260868e+04 
       2.756371720663e-02       2.071550375916e+04 
       2.770200097937e-02       2.065022675040e+04 
       2.784050924919e-02       2.058461572304e+04 
       2.797924719375e-02       2.051878858326e+04 
       2.811822012806e-02       2.045276685226e+04 
       2.825743350876e-02       2.038641545572e+04 
       2.839689293854e-02       2.031987201697e+04 
       2.853660417078e-02       2.025304234674e+04 
       2.867657311436e-02       2.018613114128e+04 
       2.881680583863e-02       2.011888314489e+04 
       2.895730857859e-02       2.005149183131e+04 
       2.909808774032e-02       1.998387120272e+04 
       2.923914990657e-02       1.991609096751e+04 
       2.938050184262e-02       1.984815006511e+04 
       2.952215050234e-02       1.977999751434e+04 
       2.966410303453e-02       1.971168252737e+04 
       2.980636678955e-02       1.964326679373e+04 
       2.994894932614e-02       1.957466591139e+04 
       3.009185841865e-02       1.950596141072e+04 
       3.023510206448e-02       1.943705546300e+04 
       3.037868849186e-02       1.936805361886e+04 
       3.052262616805e-02       1.929887759870e+04 
       3.066692380777e-02       1.922967265329e+04 
       3.081159038210e-02       1.916031861587e+04 
       3.095663512777e-02       1.909086211572e+04 
       3.110206755679e-02       1.902133476599e+04 
       3.124789746664e-02       1.895171347959e+04 
       3.139413495082e-02       1.888200562445e+04 
       3.154079040994e-02       1.881221180356e+04 
       3.168787456335e-02       1.874227089402e+04 
       3.183539846125e-02       1.867235771029e+04 
       3.198337349746e-02       1.860230933037e+04 
       3.213181142274e-02       1.853228171931e+04 
       3.228072435876e-02       1.846218959218e+04 
       3.243012481285e-02       1.839206158747e+04 
       3.258002569332e-02       1.832181960907e+04 
       3.273044032572e-02       1.825154141061e+04 
       3.288138246975e-02       1.818131482756e+04 
       3.303286633720e-02       1.811095555668e+04 
       3.318490661070e-02       1.804067838560e+04 
       3.333751846348e-02       1.797031029887e+04 
       3.349071758020e-02       1.789984727607e+04 
       3.364452017885e-02       1.782948565785e+04 
       3.379894303382e-02       1.775907968956e+04 
       3.395400350031e-02       1.768867054646e+04 
       3.410971953996e-02       1.761821838454e+04 
       3.426610974797e-02       1.754780768785e+04 
       3.442319338178e-02       1.747740262903e+04 
       3.458099039129e-02       1.740696940395e+04 
       3.473952145088e-02       1.733654966116e+04 
       3.489880799328e-02       1.726612313833e+04 
       3.505887224539e-02       1.719578919786e+04 
       3.521973726631e-02       1.712541876274e+04 
       3.538142698758e-02       1.705502735003e+04 
       3.554396625590e-02       1.698467241170e+04 
       3.570738087848e-02       1.691435490541e+04 
       3.587169767123e-02       1.684400319684e+04 
       3.603694450996e-02       1.677370030305e+04 
       3.620315038490e-02       1.670346708761e+04 
       3.637034545867e-02       1.663318253465e+04 
       3.653856112813e-02       1.656293961212e+04 
       3.670783009030e-02       1.649271153232e+04 
       3.687818641267e-02       1.642254725731e+04 
       3.704966560840e-02       1.635238549745e+04 
       3.722230471659e-02       1.628221088391e+04 
       3.739614238824e-02       1.621216263391e+04 
       3.757121897829e-02       1.614205450836e+04 
       3.774757664427e-02       1.607196154809e+04 
       3.792525945213e-02       1.600189317797e+04 
       3.810431348992e-02       1.593189693532e+04 
       3.828478698992e-02       1.586189757751e+04 
       3.846673046020e-02       1.579188576675e+04 
       3.865019682615e-02       1.572184417674e+04 
       3.883524158328e-02       1.565191487731e+04 
       3.902192296201e-02       1.558193211989e+04 
       3.921030210591e-02       1.551198374452e+04 
       3.940044326443e-02       1.544205156588e+04 
       3.959241400178e-02       1.537205555572e+04 
       3.978628542342e-02       1.530211992017e+04 
       3.998213242207e-02       1.523220892488e+04 
       4.018003394526e-02       1.516218667850e+04 
       4.038007328656e-02       1.509222680239e+04 
       4.058233840324e-02       1.502221515457e+04 
       4.078692226312e-02       1.495214496045e+04 
       4.099392322386e-02       1.488214066682e+04 
       4.120344544839e-02       1.481206012451e+04 
       4.141559936065e-02       1.474189453658e+04 
       4.163050214634e-02       1.467169481819e+04 
       4.184827830401e-02       1.460143855334e+04 
       4.206906025272e-02       1.453113563626e+04 
       4.229298900323e-02       1.446073238633e+04 
       4.252021490061e-02       1.439027170591e+04 
       4.275089844775e-02       1.431971608686e+04 
       4.298521122009e-02       1.424906368277e+04 
       4.322333688403e-02       1.417827162422e+04 
       4.346547233306e-02       1.410737256310e+04 
       4.371182895809e-02       1.403632245441e+04 
       4.396263407115e-02       1.396509480022e+04 
       4.421813250479e-02       1.389372919308e+04 
       4.447858841328e-02       1.382218697946e+04 
       4.474428730647e-02       1.375043985762e+04 
       4.501553835247e-02       1.367845951347e+04 
       4.529267699199e-02       1.360626889921e+04 
       4.557606791524e-02       1.353375401264e+04 
       4.586610846191e-02       1.346103631525e+04 
       4.616323251670e-02       1.338796956474e+04 
       4.646791498720e-02       1.331454686332e+04 
       4.678067696899e-02       1.324083765198e+04 
       4.710209172448e-02       1.316665240824e+04 
       4.743279162938e-02       1.309209991343e+04 
       4.777347627471e-02       1.301703244908e+04 
       4.812492195409e-02       1.294150936373e+04 
       4.848799281957e-02       1.286542589773e+04 
       4.886365405570e-02       1.278865323395e+04 
       4.925298750613e-02       1.271129750367e+04 
       4.965721029394e-02       1.263319157070e+04 
       5.007769711300e-02       1.255430158765e+04 
       5.051600704114e-02       1.247450661635e+04 
       5.097391594682e-02       1.239373897981e+04 
       5.145345584249e-02       1.231186064566e+04 
       5.195696289482e-02       1.222879176836e+04 
       5.248713625130e-02       1.214435770011e+04 
       5.304711039929e-02       1.205833713729e+04 
       5.364054444584e-02       1.197057951609e+04 
       5.427173247931e-02       1.188077101003e+04 
       5.494573998109e-02       1.178859868667e+04 
       5.566857191826e-02       1.169362838291e+04 
       5.644737825655e-02       1.159537389611e+04 
       5.729070132672e-02       1.149309078853e+04 
       5.820876504034e-02       1.138590468836e+04 
       5.921379514665e-02       1.127258611265e+04 
       6.032033683165e-02       1.115153022039e+04 
       6.154549192418e-02       1.102041436407e+04 
       6.290892134217e-02       1.087625041374e+04 
       6.443234321279e-02       1.071492552885e+04 
       6.613812820837e-02       1.053100430976e+04 
       6.804655968242e-02       1.031778940092e+04 
       7.017162972802e-02       1.006784687925e+04 
       7.251615069578e-02       9.774245740288e+03 
       7.506826457587e-02       9.432917207825e+03 
       7.780188185194e-02       9.045106003537e+03 
       8.068178079691e-02       8.618841992596e+03 
       8.367100085279e-02       8.168398456181e+03 
       8.673692266815e-02       7.711846069850e+03 
       8.985412725272e-02       7.267851319023e+03 
       9.300446590406e-02       6.852895619283e+03 
       9.617572617968e-02       6.479408400215e+03 
       9.936000270804e-02       6.154910017857e+03 
       1.025523030491e-01       5.882101492987e+03 
       1.057495226578e-01       5.659353408844e+03 
       1.089497492375e-01       5.481601181388e+03 
       1.121518116426e-01       5.341167509906e+03 
       1.153549950686e-01       5.228723539120e+03 
       1.185588640665e-01       5.134127757768e+03 
       1.217631536051e-01       5.047329882859e+03 
       1.249677024018e-01       4.959255483623e+03 
       1.281724122622e-01       4.862604879115e+03 
       1.313772233329e-01       4.752460242299e+03 
       1.345820990583e-01       4.626642831291e+03 
       1.377870170420e-01       4.485681889195e+03 
       1.409919634977e-01       4.332444825040e+03 
       1.441969298796e-01       4.171505825010e+03 
       1.474019108362e-01       4.008365180663e+03 
       1.506069029675e-01       3.848651451611e+03 
       1.538119040697e-01       3.697474808478e+03 
       1.570169126756e-01       3.558909705828e+03 
       1.602219277750e-01       3.435720876754e+03 
       1.634269486441e-01       3.329249371458e+03 
       1.666319747410e-01       3.239484010463e+03 
       1.698370056416e-01       3.165209169596e+03 
       1.730420410006e-01       3.104264350170e+03 
       1.762470805260e-01       3.053800159524e+03 
       1.794521239645e-01       3.010578750556e+03 
       1.826571710912e-01       2.971568952850e+03 
       1.858622217032e-01       2.933769239180e+03 
       1.890672756153e-01       2.893922680222e+03 
       1.922723326575e-01       2.849921423979e+03 
       1.954773926720e-01       2.800509067154e+03 
       1.986824555126e-01       2.745381857251e+03 
       2.018875210426e-01       2.685097916984e+03 
       2.050925891345e-01       2.620926672354e+03 
       2.082976596687e-01       2.554575442363e+03 
       2.115027325334e-01       2.487913585594e+03 
       2.147078076231e-01       2.422739757397e+03 
       2.179128848389e-01       2.360619809699e+03 
       2.211179640877e-01       2.302778309589e+03 
       2.243230452817e-01       2.250048908437e+03 
       2.275281283381e-01       2.202859885261e+03 
       2.307332131786e-01       2.161247529048e+03 
       2.339382997296e-01       2.124881042298e+03 
       2.371433879212e-01       2.093093262602e+03 
       2.403484776872e-01       2.064976518828e+03 
       2.435535689652e-01       2.039472512263e+03 
       2.467586616959e-01       2.015480789866e+03 
       2.499637558229e-01       1.991974105558e+03 
       2.531688512930e-01       1.968084731069e+03 
       2.563739480555e-01       1.943163392086e+03 
       2.595790460621e-01       1.916809559588e+03 
       2.627841452671e-01       1.888882365193e+03 
       2.659892456270e-01       1.859462939703e+03 
       2.691943471002e-01       1.828852386862e+03 
       2.723994496471e-01       1.797507569148e+03 
       2.756045532302e-01       1.765985612636e+03 
       2.788096578134e-01       1.734891936873e+03 
       2.820147633626e-01       1.704791679643e+03 
       2.852198698448e-01       1.676152373385e+03 
       2.884249772290e-01       1.649306396103e+03 
       2.916300854851e-01       1.624426913876e+03 
       2.948351945845e-01       1.601513853445e+03 
       2.980403045000e-01       1.580474397965e+03 
       3.012454152053e-01       1.561095276476e+03 
       3.044505266754e-01       1.543094896718e+03 
       3.076556388862e-01       1.526160232640e+03 
       3.108607518147e-01       1.509958804075e+03 
       3.140658654389e-01       1.494163799709e+03 
       3.172709797374e-01       1.478486153718e+03 
       3.204760946901e-01       1.462689554177e+03 
       3.236812102773e-01       1.446613561816e+03 
       3.268863264804e-01       1.430188534850e+03 
       3.300914432812e-01       1.413427137641e+03 
       3.332965606625e-01       1.396411814659e+03 
       3.365016786076e-01       1.379276857155e+03 
       3.397067971004e-01       1.362179837424e+03 
       3.429119161256e-01       1.345283741954e+03 
       3.461170356683e-01       1.328745714787e+03 
       3.493221557141e-01       1.312702607215e+03 
       3.525272762493e-01       1.297262725033e+03 
       3.557323972606e-01       1.282504497087e+03 
       3.589375187352e-01       1.268463725884e+03 
       3.621426406607e-01       1.255132811269e+03 
       3.653477630252e-01       1.242462591826e+03 
       3.685528858172e-01       1.230372365204e+03 
       3.717580090256e-01       1.218752362993e+03 
       3.749631326397e-01       1.207493775383e+03 
       3.781682566492e-01       1.196494019743e+03 
       3.813733810439e-01       1.185664045220e+03 
       3.845785058142e-01       1.174931907154e+03 
       3.877836309509e-01       1.164252169806e+03 
       3.909887564448e-01       1.153590390728e+03 
       3.941938822872e-01       1.142936498678e+03 
       3.973990084696e-01       1.132296902618e+03 
       4.006041349838e-01       1.121692273996e+03 
       4.038092618219e-01       1.111161120899e+03 
       4.070143889763e-01       1.100749275532e+03 
       4.102195164394e-01       1.090505248385e+03 
       4.134246442041e-01       1.080473685404e+03 
       4.166297722634e-01       1.070682663795e+03 
       4.198349006104e-01       1.061151796244e+03 
       4.230400292388e-01       1.051889734159e+03 
       4.262451581420e-01       1.042896467147e+03 
       4.294502873138e-01       1.034165618764e+03 
       4.326554167484e-01       1.025683202700e+03 
       4.358605464399e-01       1.017432948924e+03 
       4.390656763826e-01       1.009391932676e+03 
       4.422708065711e-01       1.001528984475e+03 
       4.454759370000e-01       9.938175454289e+02 
       4.486810676642e-01       9.862230284681e+02 
       4.518861985586e-01       9.787234541859e+02 
       4.550913296783e-01       9.713020637640e+02 
       4.582964610187e-01       9.639479558953e+02 
       4.615015925751e-01       9.566609541256e+02 
       4.647067243430e-01       9.494385590887e+02 
       4.679118563180e-01       9.422895088140e+02 
       4.711169884960e-01       9.352158119307e+02 
       4.743221208728e-01       9.282303827107e+02 
       4.775272534443e-01       9.213390280959e+02 
       4.807323862067e-01       9.145583529118e+02 
       4.839375191561e-01       9.078995276179e+02 
       4.871426522889e-01       9.013715061842e+02 
       4.903477856014e-01       8.949807860393e+02 
       4.935529190902e-01       8.887254092637e+02 
       4.967580527517e-01       8.825989106503e+02 
       4.999631865828e-01       8.765949003766e+02 
       5.031683205801e-01       8.707040745544e+02 
       5.063734547404e-01       8.649126079494e+02 
       5.095785890607e-01       8.592153588083e+02 
       5.127837235380e-01       8.536040953342e+02 
       5.159888581693e-01       8.480677958036e+02 
       5.191939929517e-01       8.426011043362e+02 
       5.223991278826e-01       8.371973556932e+02 
       5.256042629591e-01       8.318518393593e+02 
       5.485840079042e-01       7.953134833229e+02 
       5.738911201552e-01       7.591406216797e+02 
       6.021649075655e-01       7.229040951395e+02 
       6.343548742025e-01       6.859010117960e+02 
       6.719461898660e-01       6.477051968745e+02 
       7.174153024581e-01       6.072047042241e+02 
       7.752264620703e-01       5.628815052025e+02 
       8.541661112377e-01       5.121334457096e+02 
       9.726509799027e-01       4.509058488307e+02 
       1.164520040679e+00       3.760139401529e+02 
       1.453071983996e+00       2.959351782733e+02 
       1.828721429333e+00       2.241931434829e+02 
       2.302218230624e+00       1.636505213893e+02 
       2.898321024671e+00       1.149756272004e+02 
       3.648769989494e+00       7.799444201358e+01 
       4.593529261565e+00       5.134141143732e+01 
       5.782910717205e+00       3.297100195738e+01 
       7.280253256026e+00       2.076013506343e+01 
       9.165295828308e+00       1.287231055957e+01 
       1.153842382487e+01       7.888194905287e+00 
       1.452601496518e+01       4.791165939698e+00 
       1.828716937177e+01       2.890782353910e+00 
       2.302218223190e+01       1.735553781572e+00 
       2.898321024669e+01       1.038161420877e+00 
       3.648769989494e+01       6.193139417763e-01 
