# Matter power spectrum P(k) at redshift z=0
# for k=1.05078e-05 to 36.5153 h/Mpc,
# number of wavenumbers equal to 554
#    1:k (h/Mpc)              2:P (Mpc/h)^3        
       1.050775643281e-05       4.533139783475e+01 
       2.335822474937e-05       9.802926135140e+01 
       3.625389040499e-05       1.498568113574e+02 
       4.922928651888e-05       2.013495622653e+02 
       6.231951663650e-05       2.528158306394e+02 
       7.556056626414e-05       3.044886301386e+02 
       8.898962434547e-05       3.565684219213e+02 
       1.026454189362e-04       4.092407029451e+02 
       1.165685713654e-04       4.626850590977e+02 
       1.308019732065e-04       5.170806698691e+02 
       1.453911903857e-04       5.726101652828e+02 
       1.603848987003e-04       6.294626306030e+02 
       1.758353548451e-04       6.878362083114e+02 
       1.917989066864e-04       7.479404632916e+02 
       2.083365458814e-04       8.099986859881e+02 
       2.255145048950e-04       8.742501514842e+02 
       2.434048988421e-04       9.409524084619e+02 
       2.620864101790e-04       1.010383596237e+03 
       2.816450108084e-04       1.082844757882e+03 
       3.021747113342e-04       1.158662145612e+03 
       3.237783206306e-04       1.238189415130e+03 
       3.465681901835e-04       1.321809629966e+03 
       3.706669064485e-04       1.409936916092e+03 
       3.962078804917e-04       1.503017576982e+03 
       4.233357674478e-04       1.601530406964e+03 
       4.522066293369e-04       1.705985887632e+03 
       4.829877348098e-04       1.816923882855e+03 
       5.158568708836e-04       1.934909407470e+03 
       5.510010286148e-04       2.060525991708e+03 
       5.886143226059e-04       2.194366220530e+03 
       6.288950204107e-04       2.337019103547e+03 
       6.720416000720e-04       2.489054113163e+03 
       7.182478286549e-04       2.651002038344e+03 
       7.676969638083e-04       2.823333195117e+03 
       8.205553181619e-04       3.006434148354e+03 
       8.769655757080e-04       3.200584385206e+03 
       9.370403816752e-04       3.405935047136e+03 
       1.000856806946e-03       3.622491908610e+03 
       1.068452281323e-03       3.850104643891e+03 
       1.139822478573e-03       4.088464076044e+03 
       1.214921427739e-03       4.337107946213e+03 
       1.293663856233e-03       4.595435282556e+03 
       1.375929496806e-03       4.862687741580e+03 
       1.461568871522e-03       5.138087893731e+03 
       1.550409942814e-03       5.420764607048e+03 
       1.642265007844e-03       5.709808450386e+03 
       1.736937292145e-03       6.004300407279e+03 
       1.834226837770e-03       6.303334062221e+03 
       1.933935441037e-03       6.606033573053e+03 
       2.035870543248e-03       6.911567343047e+03 
       2.139848094759e-03       7.219157105376e+03 
       2.245694491425e-03       7.528084393628e+03 
       2.353247725050e-03       7.837691992600e+03 
       2.462357903579e-03       8.147384818782e+03 
       2.572887291211e-03       8.456628785084e+03 
       2.684710001709e-03       8.764945496895e+03 
       2.797711456217e-03       9.071912007247e+03 
       2.911787694099e-03       9.377153525176e+03 
       3.026844604320e-03       9.680341158690e+03 
       3.142797126833e-03       9.981187563818e+03 
       3.259568458766e-03       1.027944064584e+04 
       3.377089288660e-03       1.057488365790e+04 
       3.495297073339e-03       1.086732617596e+04 
       3.614135365609e-03       1.115660631213e+04 
       3.733553196455e-03       1.144258594834e+04 
       3.853504512271e-03       1.172514564511e+04 
       3.973947665634e-03       1.200418487489e+04 
       4.094844956841e-03       1.227962233063e+04 
       4.216162222696e-03       1.255138847028e+04 
       4.337868468703e-03       1.281942353915e+04 
       4.459935540738e-03       1.308368600128e+04 
       4.582337832368e-03       1.334413781043e+04 
       4.705052024144e-03       1.360075409304e+04 
       4.828056851507e-03       1.385350950689e+04 
       4.951332898154e-03       1.410238842183e+04 
       5.074862412069e-03       1.429814826074e+04 
       5.198629141634e-03       1.453727733027e+04 
       5.322618189575e-03       1.477252615384e+04 
       5.446815882682e-03       1.500387912004e+04 
       5.571209655510e-03       1.523135518019e+04 
       5.695787946468e-03       1.545497247394e+04 
       5.820540104863e-03       1.567474236656e+04 
       5.945456307677e-03       1.589068780090e+04 
       6.070527484949e-03       1.610283480010e+04 
       6.195745252818e-03       1.631120275289e+04 
       6.321101853346e-03       1.651581611566e+04 
       6.446590100388e-03       1.671670577739e+04 
       6.572203330827e-03       1.691389296953e+04 
       6.697935360599e-03       1.710741495302e+04 
       6.823780444985e-03       1.729730216194e+04 
       6.949733242704e-03       1.748358308593e+04 
       7.075788783422e-03       1.766628658969e+04 
       7.201942438296e-03       1.784545039018e+04 
       7.328189893256e-03       1.802109877028e+04 
       7.454527124726e-03       1.819326922214e+04 
       7.580950377549e-03       1.836200570604e+04 
       7.707456144882e-03       1.852733212500e+04 
       7.834041149874e-03       1.868928281887e+04 
       7.960702328945e-03       1.884788965547e+04 
       8.087436816510e-03       1.900319000625e+04 
       8.214241931010e-03       1.915521072323e+04 
       8.341115162128e-03       1.930400065772e+04 
       8.468054159065e-03       1.944958940104e+04 
       8.595056719799e-03       1.959200931420e+04 
       8.722120781210e-03       1.973129149020e+04 
       8.849244410019e-03       1.986746937710e+04 
       8.976425794438e-03       2.000058072710e+04 
       9.103663236498e-03       2.013065595901e+04 
       9.230955144972e-03       2.025773075227e+04 
       9.358300028845e-03       2.038183740786e+04 
       9.485696491300e-03       2.050300708116e+04 
       9.613143224151e-03       2.062127190514e+04 
       9.740639002703e-03       2.073666972486e+04 
       9.868182681002e-03       2.084922099198e+04 
       9.995773187431e-03       2.095896853036e+04 
       1.012340952064e-02       2.106593621813e+04 
       1.025109074575e-02       2.117015709973e+04 
       1.037881599088e-02       2.127166325459e+04 
       1.050658444389e-02       2.137048719971e+04 
       1.063439534935e-02       2.146664841937e+04 
       1.076224800577e-02       2.156019472135e+04 
       1.089014176296e-02       2.165114629575e+04 
       1.101807601964e-02       2.173952735746e+04 
       1.114605022121e-02       2.182537980070e+04 
       1.127406385763e-02       2.190872648763e+04 
       1.140211646147e-02       2.198959636218e+04 
       1.153020760616e-02       2.206801834952e+04 
       1.165833690423e-02       2.214403067398e+04 
       1.178650400581e-02       2.221764443010e+04 
       1.191470859717e-02       2.228890551336e+04 
       1.204295039931e-02       2.235782199251e+04 
       1.217122916678e-02       2.242444346246e+04 
       1.229954468645e-02       2.248879137690e+04 
       1.242789677646e-02       2.255087848212e+04 
       1.255628528520e-02       2.261075184303e+04 
       1.268471009035e-02       2.266842277704e+04 
       1.281317109806e-02       2.272393044835e+04 
       1.294166824209e-02       2.277729237375e+04 
       1.307020148311e-02       2.282854492008e+04 
       1.319877080797e-02       2.287769847544e+04 
       1.332737622912e-02       2.292480916751e+04 
       1.345601778395e-02       2.296986740459e+04 
       1.358469553431e-02       2.301292026274e+04 
       1.371340956600e-02       2.305397886871e+04 
       1.384215998830e-02       2.309307204794e+04 
       1.397094693356e-02       2.313022678205e+04 
       1.409977055686e-02       2.316546445920e+04 
       1.422863103564e-02       2.319881860028e+04 
       1.435752856938e-02       2.323028551049e+04 
       1.448646337936e-02       2.325991166818e+04 
       1.461543570842e-02       2.328772042422e+04 
       1.474444582073e-02       2.331373603878e+04 
       1.487349400159e-02       2.333796900148e+04 
       1.500258055734e-02       2.336044334588e+04 
       1.513170581514e-02       2.338118844126e+04 
       1.526087012295e-02       2.340022820887e+04 
       1.539007384939e-02       2.341757788844e+04 
       1.551931738370e-02       2.343325741750e+04 
       1.564860113574e-02       2.344729116296e+04 
       1.577792553591e-02       2.345971293019e+04 
       1.590729103521e-02       2.347052205934e+04 
       1.603669810525e-02       2.347975400192e+04 
       1.616614723831e-02       2.348742105924e+04 
       1.629563894739e-02       2.349355841868e+04 
       1.642517376629e-02       2.349817005543e+04 
       1.655475224976e-02       2.350127934496e+04 
       1.668437497358e-02       2.350292479783e+04 
       1.681404253472e-02       2.350310054286e+04 
       1.694375555150e-02       2.350183515315e+04 
       1.707351466374e-02       2.349914459128e+04 
       1.720332053302e-02       2.349508294236e+04 
       1.733317384280e-02       2.348962574526e+04 
       1.746307529873e-02       2.348280507467e+04 
       1.759302562884e-02       2.347464633983e+04 
       1.772302558384e-02       2.346514267559e+04 
       1.785307593737e-02       2.345437271464e+04 
       1.798317748630e-02       2.344229827271e+04 
       1.811333105104e-02       2.342896304274e+04 
       1.824353747589e-02       2.341438063694e+04 
       1.837379762935e-02       2.339856559817e+04 
       1.850411240452e-02       2.338153791286e+04 
       1.863448271944e-02       2.336331734646e+04 
       1.876490951749e-02       2.334392236542e+04 
       1.889539376784e-02       2.332339224804e+04 
       1.902593646584e-02       2.330170754102e+04 
       1.915653863347e-02       2.327888130576e+04 
       1.928720131984e-02       2.325496009249e+04 
       1.941792560162e-02       2.322995909784e+04 
       1.954871258358e-02       2.320388783917e+04 
       1.967956339910e-02       2.317677011457e+04 
       1.981047921070e-02       2.314859244920e+04 
       1.994146121061e-02       2.311941453008e+04 
       2.007251062134e-02       2.308923323441e+04 
       2.020362869626e-02       2.305806459607e+04 
       2.033481672025e-02       2.302593500780e+04 
       2.046607601034e-02       2.299282769161e+04 
       2.059740791632e-02       2.295880838773e+04 
       2.072881382147e-02       2.292386946390e+04 
       2.086029514324e-02       2.288801084746e+04 
       2.099185333401e-02       2.285130431912e+04 
       2.112348988178e-02       2.281366637921e+04 
       2.125520631099e-02       2.277520254957e+04 
       2.138700418333e-02       2.273589154668e+04 
       2.151888509850e-02       2.269574724309e+04 
       2.165085069513e-02       2.265481347252e+04 
       2.178290265162e-02       2.261306045021e+04 
       2.191504268706e-02       2.257054112200e+04 
       2.204727256214e-02       2.252726114253e+04 
       2.217959408015e-02       2.248319733007e+04 
       2.231200908791e-02       2.243843668456e+04 
       2.244451947688e-02       2.239291725576e+04 
       2.257712718415e-02       2.234667695376e+04 
       2.270983419352e-02       2.229978363675e+04 
       2.284264253670e-02       2.225218289676e+04 
       2.297555429436e-02       2.220395764138e+04 
       2.310857159744e-02       2.215498745308e+04 
       2.324169662826e-02       2.210546404413e+04 
       2.337493162191e-02       2.205521361371e+04 
       2.350827886745e-02       2.200441071529e+04 
       2.364174070935e-02       2.195301589813e+04 
       2.377531954882e-02       2.190103508454e+04 
       2.390901784531e-02       2.184845518699e+04 
       2.404283811794e-02       2.179531165152e+04 
       2.417678294705e-02       2.174162152127e+04 
       2.431085497580e-02       2.168739884898e+04 
       2.444505691179e-02       2.163262263039e+04 
       2.457939152873e-02       2.157735384334e+04 
       2.471386166823e-02       2.152156347037e+04 
       2.484847024152e-02       2.146527423525e+04 
       2.498322023140e-02       2.140856859625e+04 
       2.511811469407e-02       2.135136767144e+04 
       2.525315676118e-02       2.129364004836e+04 
       2.538834964185e-02       2.123551668524e+04 
       2.552369662478e-02       2.117696550811e+04 
       2.565920108045e-02       2.111796652282e+04 
       2.579486646340e-02       2.105857184858e+04 
       2.593069631454e-02       2.099878229836e+04 
       2.606669426358e-02       2.093859601400e+04 
       2.620286403155e-02       2.087802284947e+04 
       2.633920943338e-02       2.081709880819e+04 
       2.647573438059e-02       2.075576980604e+04 
       2.661244288404e-02       2.069413146209e+04 
       2.674933905685e-02       2.063217283578e+04 
       2.688642711736e-02       2.056987870809e+04 
       2.702371139218e-02       2.050723779143e+04 
       2.716119631945e-02       2.044429944255e+04 
       2.729888645210e-02       2.038106759806e+04 
       2.743678646132e-02       2.031750986583e+04 
       2.757490114010e-02       2.025372928986e+04 
       2.771323540692e-02       2.018961291174e+04 
       2.785179430961e-02       2.012527601059e+04 
       2.799058302930e-02       2.006067974698e+04 
       2.812960688456e-02       1.999580117741e+04 
       2.826887133567e-02       1.993070591503e+04 
       2.840838198909e-02       1.986543738024e+04 
       2.854814460209e-02       1.979989569888e+04 
       2.868816508751e-02       1.973412040527e+04 
       2.882844951881e-02       1.966822517303e+04 
       2.896900413522e-02       1.960206835897e+04 
       2.910983534718e-02       1.953574068808e+04 
       2.925094974191e-02       1.946921886910e+04 
       2.939235408930e-02       1.940250819732e+04 
       2.953405534799e-02       1.933567933427e+04 
       2.967606067169e-02       1.926864143621e+04 
       2.981837741579e-02       1.920153297615e+04 
       2.996101314428e-02       1.913421525792e+04 
       3.010397563686e-02       1.906679802712e+04 
       3.024727289649e-02       1.899918018272e+04 
       3.039091315713e-02       1.893150842650e+04 
       3.053490489193e-02       1.886366754606e+04 
       3.067925682172e-02       1.879577648693e+04 
       3.082397792390e-02       1.872778199933e+04 
       3.096907744167e-02       1.865962978549e+04 
       3.111456489379e-02       1.859137653096e+04 
       3.126045008468e-02       1.852311416802e+04 
       3.140674311502e-02       1.845466824483e+04 
       3.155345439285e-02       1.838618612190e+04 
       3.170059464521e-02       1.831768867120e+04 
       3.184817493024e-02       1.824908915844e+04 
       3.199620664999e-02       1.818039691587e+04 
       3.214470156373e-02       1.811169059158e+04 
       3.229367180196e-02       1.804294272060e+04 
       3.244312988115e-02       1.797409260052e+04 
       3.259308871907e-02       1.790517597356e+04 
       3.274356165108e-02       1.783633611490e+04 
       3.289456244707e-02       1.776737521510e+04 
       3.304610532940e-02       1.769843723406e+04 
       3.319820499163e-02       1.762941931434e+04 
       3.335087661838e-02       1.756044925308e+04 
       3.350413590613e-02       1.749138175973e+04 
       3.365799908512e-02       1.742234490805e+04 
       3.381248294251e-02       1.735330469411e+04 
       3.396760484675e-02       1.728430828865e+04 
       3.412338277328e-02       1.721526887950e+04 
       3.427983533165e-02       1.714613922590e+04 
       3.443698179424e-02       1.707704588283e+04 
       3.459484212651e-02       1.700802019746e+04 
       3.475343701905e-02       1.693902500218e+04 
       3.491278792150e-02       1.686994314547e+04 
       3.507291707838e-02       1.680092904251e+04 
       3.523384756719e-02       1.673192904862e+04 
       3.539560333867e-02       1.666295269733e+04 
       3.555820925957e-02       1.659390910537e+04 
       3.572169115806e-02       1.652499754690e+04 
       3.588607587197e-02       1.645601981282e+04 
       3.605139130005e-02       1.638709575059e+04 
       3.621766645651e-02       1.631818930624e+04 
       3.638493152912e-02       1.624930443817e+04 
       3.655321794108e-02       1.618043277780e+04 
       3.672255841705e-02       1.611163484638e+04 
       3.689298705351e-02       1.604277581993e+04 
       3.706453939405e-02       1.597400844912e+04 
       3.723725250975e-02       1.590523653834e+04 
       3.741116508526e-02       1.583649751317e+04 
       3.758631751090e-02       1.576778776589e+04 
       3.776275198145e-02       1.569911947774e+04 
       3.794051260212e-02       1.563041826765e+04 
       3.811964550235e-02       1.556175044549e+04 
       3.830019895814e-02       1.549308973159e+04 
       3.848222352367e-02       1.542447792299e+04 
       3.866577217313e-02       1.535584601464e+04 
       3.885090045364e-02       1.528729342541e+04 
       3.903766665029e-02       1.521871847354e+04 
       3.922613196454e-02       1.515010139963e+04 
       3.941636070732e-02       1.508158638355e+04 
       3.960842050809e-02       1.501304144222e+04 
       3.980238254169e-02       1.494446220435e+04 
       3.999832177467e-02       1.487590168003e+04 
       4.019631723319e-02       1.480733029433e+04 
       4.039645229467e-02       1.473873134864e+04 
       4.059881500594e-02       1.467010922971e+04 
       4.080349843051e-02       1.460147635643e+04 
       4.101060102846e-02       1.453281955094e+04 
       4.122022707248e-02       1.446414064023e+04 
       4.143248710429e-02       1.439535120544e+04 
       4.164749843608e-02       1.432660990046e+04 
       4.186538570257e-02       1.425775459664e+04 
       4.208628146952e-02       1.418883569317e+04 
       4.231032690594e-02       1.411985836665e+04 
       4.253767252803e-02       1.405080462157e+04 
       4.276847902389e-02       1.398164061529e+04 
       4.300291816982e-02       1.391241877952e+04 
       4.324117385042e-02       1.384302499362e+04 
       4.348344319664e-02       1.377355617588e+04 
       4.372993785835e-02       1.370391932085e+04 
       4.398088543047e-02       1.363415234609e+04 
       4.423653105528e-02       1.356422954639e+04 
       4.449713922687e-02       1.349413120882e+04 
       4.476299582878e-02       1.342384751938e+04 
       4.503441044099e-02       1.335331404013e+04 
       4.531171895933e-02       1.328256207287e+04 
       4.559528657811e-02       1.321155612104e+04 
       4.588551119698e-02       1.314026238417e+04 
       4.618282732428e-02       1.306870226598e+04 
       4.648771056433e-02       1.299678686080e+04 
       4.680068279331e-02       1.292457006759e+04 
       4.712231815114e-02       1.285192484084e+04 
       4.745325000325e-02       1.277887265468e+04 
       4.779417906082e-02       1.270533352796e+04 
       4.814588289002e-02       1.263133738798e+04 
       4.850922709410e-02       1.255678766260e+04 
       4.888517851920e-02       1.248163592295e+04 
       4.927482091954e-02       1.240584065082e+04 
       4.967937362467e-02       1.232935977094e+04 
       5.010021388841e-02       1.225205838987e+04 
       5.053890377274e-02       1.217393132892e+04 
       5.099722264196e-02       1.209481022488e+04 
       5.147720662439e-02       1.201464214038e+04 
       5.198119675769e-02       1.193326045214e+04 
       5.251189798371e-02       1.185054478650e+04 
       5.307245171783e-02       1.176634230138e+04 
       5.366652539092e-02       1.168038192876e+04 
       5.429842313647e-02       1.159243607561e+04 
       5.497322260235e-02       1.150217357545e+04 
       5.569694352578e-02       1.140918359933e+04 
       5.647675380802e-02       1.131294264605e+04 
       5.732121749253e-02       1.121279302774e+04 
       5.824058455771e-02       1.110782636647e+04 
       5.924711151956e-02       1.099685849590e+04 
       6.035537874462e-02       1.087825353656e+04 
       6.158252599289e-02       1.074984626257e+04 
       6.294825058911e-02       1.060861110762e+04 
       6.447429695765e-02       1.045053561093e+04 
       6.618303758502e-02       1.027029954995e+04 
       6.809471389212e-02       1.006135302348e+04 
       7.022321520687e-02       9.816402884937e+03 
       7.257119060919e-02       9.528708283069e+03 
       7.512659100826e-02       9.194337051679e+03 
       7.786316692742e-02       8.814589954097e+03 
       8.074561767705e-02       8.397395643278e+03 
       8.373699207735e-02       7.956776932986e+03 
       8.680473729674e-02       7.510404363041e+03 
       8.992351853038e-02       7.076529821570e+03 
       9.307526308424e-02       6.671208521421e+03 
       9.624781676292e-02       6.306544948046e+03 
       9.943331485913e-02       5.989759198014e+03 
       1.026267917907e-01       5.723513915218e+03 
       1.058251601680e-01       5.506180144783e+03 
       1.090265184325e-01       5.332740816569e+03 
       1.122297020780e-01       5.195691959937e+03 
       1.154340003747e-01       5.085918993108e+03 
       1.186389803631e-01       4.993532733108e+03 
       1.218443785291e-01       4.908689245091e+03 
       1.250500345135e-01       4.822602280027e+03 
       1.282558506829e-01       4.728127398527e+03 
       1.314617675254e-01       4.620518075048e+03 
       1.346677486925e-01       4.497644904328e+03 
       1.378737719141e-01       4.360041759019e+03 
       1.410798234808e-01       4.210514011765e+03 
       1.442858948936e-01       4.053520442866e+03 
       1.474919808298e-01       3.894418448369e+03 
       1.506980779070e-01       3.738688048257e+03 
       1.539041839320e-01       3.591306494980e+03 
       1.571102974447e-01       3.456234923529e+03 
       1.603164174390e-01       3.336158010773e+03 
       1.635225431938e-01       3.232381963189e+03 
       1.667286741691e-01       3.144885206824e+03 
       1.699348099420e-01       3.072487177649e+03 
       1.731409501679e-01       3.013071833933e+03 
       1.763470945556e-01       2.963871642129e+03 
       1.795532428522e-01       2.921731845899e+03 
       1.827593948330e-01       2.883724725032e+03 
       1.859655502956e-01       2.846875382202e+03 
       1.891717090551e-01       2.808041985509e+03 
       1.923778709415e-01       2.765162283889e+03 
       1.955840357975e-01       2.717029766955e+03 
       1.987902034767e-01       2.663340931548e+03 
       2.019963738428e-01       2.604640991839e+03 
       2.052025467685e-01       2.542157237575e+03 
       2.084087221342e-01       2.477560235799e+03 
       2.116148998282e-01       2.412652227575e+03 
       2.148210797453e-01       2.349196722031e+03 
       2.180272617866e-01       2.288713630713e+03 
       2.212334458590e-01       2.232391169284e+03 
       2.244396318749e-01       2.181051008336e+03 
       2.276458197516e-01       2.135103450404e+03 
       2.308520094109e-01       2.094598434978e+03 
       2.340582007792e-01       2.059200761705e+03 
       2.372643937866e-01       2.028267778498e+03 
       2.404705883672e-01       2.000917138231e+03 
       2.436767844585e-01       1.976114316096e+03 
       2.468829820012e-01       1.952788638412e+03 
       2.500891809392e-01       1.929941842320e+03 
       2.532953812191e-01       1.906726524115e+03 
       2.565015827904e-01       1.882509389490e+03 
       2.597077856048e-01       1.856903442003e+03 
       2.629139896167e-01       1.829757630268e+03 
       2.661201947824e-01       1.801161806034e+03 
       2.693264010606e-01       1.771400575389e+03 
       2.725326084117e-01       1.740918031362e+03 
       2.757388167982e-01       1.710262998788e+03 
       2.789450261840e-01       1.680022752011e+03 
       2.821512365350e-01       1.650744647293e+03 
       2.853574478184e-01       1.622889035635e+03 
       2.885636600030e-01       1.596781310124e+03 
       2.917698730589e-01       1.572576719379e+03 
       2.949760869575e-01       1.550302805000e+03 
       2.981823016716e-01       1.529850796915e+03 
       3.013885171749e-01       1.511016519891e+03 
       3.045947334424e-01       1.493531273699e+03 
       3.078009504500e-01       1.477086296532e+03 
       3.110071681749e-01       1.461360674833e+03 
       3.142133865949e-01       1.446034321733e+03 
       3.174196056888e-01       1.430821509026e+03 
       3.206258254363e-01       1.415493119419e+03 
       3.238320458180e-01       1.399893438370e+03 
       3.270382668150e-01       1.383951021745e+03 
       3.302444884094e-01       1.367679107094e+03 
       3.334507105839e-01       1.351157866490e+03 
       3.366569333217e-01       1.334518306366e+03 
       3.398631566070e-01       1.317910232163e+03 
       3.430693804242e-01       1.301497054454e+03 
       3.462756047585e-01       1.285427531024e+03 
       3.494818295956e-01       1.269839360193e+03 
       3.526880549218e-01       1.254837964628e+03 
       3.558942807238e-01       1.240501129461e+03 
       3.591005069887e-01       1.226863116861e+03 
       3.623067337043e-01       1.213917787773e+03 
       3.655129608585e-01       1.201618657051e+03 
       3.687191884400e-01       1.189884765838e+03 
       3.719254164376e-01       1.178611584857e+03 
       3.751316448406e-01       1.167691886571e+03 
       3.783378736387e-01       1.157024461483e+03 
       3.815441028218e-01       1.146522069422e+03 
       3.847503323804e-01       1.136117462685e+03 
       3.879565623049e-01       1.125762251237e+03 
       3.911627925865e-01       1.115423731814e+03 
       3.943690232163e-01       1.105092645046e+03 
       3.975752541860e-01       1.094771874726e+03 
       4.007814854872e-01       1.084482904465e+03 
       4.039877171122e-01       1.074265169165e+03 
       4.071939490532e-01       1.064161571059e+03 
       4.104001813027e-01       1.054221711312e+03 
       4.136064138536e-01       1.044484837625e+03 
       4.168126466989e-01       1.034982978497e+03 
       4.200188798319e-01       1.025734561378e+03 
       4.232251132459e-01       1.016746861968e+03 
       4.264313469346e-01       1.008020957088e+03 
       4.296375808918e-01       9.995519629639e+02 
       4.328438151116e-01       9.913265217697e+02 
       4.360500495881e-01       9.833276254357e+02 
       4.392562843157e-01       9.755322988779e+02 
       4.424625192889e-01       9.679126667502e+02 
       4.456687545024e-01       9.604377426632e+02 
       4.488749899510e-01       9.530780325677e+02 
       4.520812256297e-01       9.458111198874e+02 
       4.552874615336e-01       9.386190421977e+02 
       4.584936976580e-01       9.314915752933e+02 
       4.616999339983e-01       9.244292858418e+02 
       4.649061705500e-01       9.174298464880e+02 
       4.681124073087e-01       9.104997052708e+02 
       4.713186442701e-01       9.036416312565e+02 
       4.745248814303e-01       8.968684859692e+02 
       4.777311187851e-01       8.901877299993e+02 
       4.809373563307e-01       8.836140827734e+02 
       4.841435940632e-01       8.771571764642e+02 
       4.873498319789e-01       8.708301432444e+02 
       4.905560700743e-01       8.646346976139e+02 
       4.937623083458e-01       8.585708600151e+02 
       4.969685467900e-01       8.526352777360e+02 
       5.001747854036e-01       8.468185732734e+02 
       5.033810241833e-01       8.411086986254e+02 
       5.065872631260e-01       8.354992487396e+02 
       5.097935022286e-01       8.299806621323e+02 
       5.129997414880e-01       8.245447804174e+02 
       5.162059809014e-01       8.191843986091e+02 
       5.194122204659e-01       8.138897874550e+02 
       5.226184601786e-01       8.086556222888e+02 
       5.258247000370e-01       8.034763505892e+02 
       5.488160790264e-01       7.680801534595e+02 
       5.741365740833e-01       7.330446463287e+02 
       6.024261397032e-01       6.979635623035e+02 
       6.346353194434e-01       6.621462024541e+02 
       6.722510615744e-01       6.251901501550e+02 
       7.177530932898e-01       5.860189731428e+02 
       7.756122526863e-01       5.431728414927e+02 
       8.546293079726e-01       4.941495052994e+02 
       9.732515460003e-01       4.350634207082e+02 
       1.165351434097e+00       3.629132516360e+02 
       1.454167103633e+00       2.859391572248e+02 
       1.830103946420e+00       2.170523340166e+02 
       2.303958769472e+00       1.588478267816e+02 
       2.900512233376e+00       1.119074095847e+02 
       3.651528557815e+00       7.610759632820e+01 
       4.597002093326e+00       5.020989029339e+01 
       5.787282753359e+00       3.230151555682e+01 
       7.285757323442e+00       2.036565400915e+01 
       9.172225038646e+00       1.263937691425e+01 
       1.154714718385e+01       7.749904656948e+00 
       1.453699702347e+01       4.708534038252e+00 
       1.830099496402e+01       2.841108456030e+00 
       2.303958762133e+01       1.705543854140e+00 
       2.900512233375e+01       1.019963919371e+00 
       3.651528557815e+01       6.082511814567e-01 
