# Matter power spectrum P(k) at redshift z=0
# for k=1.04814e-05 to 36.3822 h/Mpc,
# number of wavenumbers equal to 554
#    1:k (h/Mpc)              2:P (Mpc/h)^3        
       1.048142320160e-05       4.723082854886e+01 
       2.331086207760e-05       1.021840709047e+02 
       3.618525287163e-05       1.562285513347e+02 
       4.913895865247e-05       2.099225341457e+02 
       6.220690805452e-05       2.635871538136e+02 
       7.542490425023e-05       3.174649411008e+02 
       8.882994374909e-05       3.717644348479e+02 
       1.024605492312e-04       4.266785260282e+02 
       1.163571206562e-04       4.823938879410e+02 
       1.305623089207e-04       5.390967105901e+02 
       1.451214163456e-04       5.969767081732e+02 
       1.600828282197e-04       6.562302519957e+02 
       1.754984794551e-04       7.170630536824e+02 
       1.914243600622e-04       7.796926338127e+02 
       2.079210625236e-04       8.443506927790e+02 
       2.250543731215e-04       9.112854634983e+02 
       2.428959076853e-04       9.807640737307e+02 
       2.615237898734e-04       1.053074939395e+03 
       2.810233667128e-04       1.128530172707e+03 
       3.014879513949e-04       1.207467950862e+03 
       3.230195768881e-04       1.290254804748e+03 
       3.457297353956e-04       1.377287693533e+03 
       3.697400676944e-04       1.468995722892e+03 
       3.951829526772e-04       1.565841327173e+03 
       4.222019309813e-04       1.668320614079e+03 
       4.509518778950e-04       1.776962573975e+03 
       4.815988210091e-04       1.892326750559e+03 
       5.143192796819e-04       2.014998931956e+03 
       5.492989901284e-04       2.145584379111e+03 
       5.867308773261e-04       2.284698150300e+03 
       6.268121499623e-04       2.432952146529e+03 
       6.697404349939e-04       2.590938728852e+03 
       7.157089405187e-04       2.759210999136e+03 
       7.649007419043e-04       2.938260365489e+03 
       8.174824210988e-04       3.128492418911e+03 
       8.735974365553e-04       3.330202752107e+03 
       9.333597336461e-04       3.543554727156e+03 
       9.968481877345e-04       3.768561593175e+03 
       1.064102470795e-03       4.005074912980e+03 
       1.135120828406e-03       4.252781227445e+03 
       1.209860052983e-03       4.511207629616e+03 
       1.288237675548e-03       4.779736038703e+03 
       1.370136126883e-03       5.057585203730e+03 
       1.455408397761e-03       5.343947868469e+03 
       1.543884599632e-03       5.637921769741e+03 
       1.635378806523e-03       5.938561880467e+03 
       1.729695632390e-03       6.244911641614e+03 
       1.826636132837e-03       6.556026262440e+03 
       1.926002777763e-03       6.870991711358e+03 
       2.027603389552e-03       7.188939155702e+03 
       2.131254059598e-03       7.509054779591e+03 
       2.236781136516e-03       7.830586384824e+03 
       2.344022423955e-03       8.152846072436e+03 
       2.452827741736e-03       8.475210204375e+03 
       2.563058999816e-03       8.797117957653e+03 
       2.674589918525e-03       9.118069104550e+03 
       2.787305507038e-03       9.437618790545e+03 
       2.901101389539e-03       9.755373937864e+03 
       3.015883047530e-03       1.007098963162e+04 
       3.131565028682e-03       1.038416357578e+04 
       3.248070157792e-03       1.069463164410e+04 
       3.365328773781e-03       1.100216618278e+04 
       3.483278007862e-03       1.130656709988e+04 
       3.601861111477e-03       1.160766460573e+04 
       3.721026838011e-03       1.190531354228e+04 
       3.840728879075e-03       1.219938854176e+04 
       3.960925354030e-03       1.248978537298e+04 
       4.081578350115e-03       1.277641609278e+04 
       4.202653509758e-03       1.305920898936e+04 
       4.324119661284e-03       1.333810342368e+04 
       4.445948489154e-03       1.361305204990e+04 
       4.568114239898e-03       1.388401818643e+04 
       4.690593460122e-03       1.415097445463e+04 
       4.813364763210e-03       1.441389525569e+04 
       4.936408621587e-03       1.467276307946e+04 
       5.059707181725e-03       1.492760188108e+04 
       5.183244099344e-03       1.517837846728e+04 
       5.307004392505e-03       1.542512240107e+04 
       5.430974310575e-03       1.566782171961e+04 
       5.555141217244e-03       1.590648978832e+04 
       5.679493485983e-03       1.614114700106e+04 
       5.804020406541e-03       1.637180332583e+04 
       5.928712101208e-03       1.659847581279e+04 
       6.053559449751e-03       1.682120685867e+04 
       6.178554022039e-03       1.704000130400e+04 
       6.303688017510e-03       1.725488667927e+04 
       6.428954210699e-03       1.746589838168e+04 
       6.554345902181e-03       1.767305235044e+04 
       6.679856874324e-03       1.787639052683e+04 
       6.805481351337e-03       1.807594266425e+04 
       6.931213963148e-03       1.827173764887e+04 
       7.057049712711e-03       1.846380403556e+04 
       7.182983946376e-03       1.865218200442e+04 
       7.309012327002e-03       1.883689467277e+04 
       7.435130809536e-03       1.901797978576e+04 
       7.561335618804e-03       1.919548819232e+04 
       7.687623229288e-03       1.936943041784e+04 
       7.813990346690e-03       1.953985499419e+04 
       7.940433891115e-03       1.970679220571e+04 
       8.066950981703e-03       1.987028228007e+04 
       8.193538922577e-03       2.003033802693e+04 
       8.320195189983e-03       2.018702196765e+04 
       8.446917420505e-03       2.034036535625e+04 
       8.573703400247e-03       2.049039721103e+04 
       8.700551054915e-03       2.063715111898e+04 
       8.827458440694e-03       2.078066010193e+04 
       8.954423735856e-03       2.092096375387e+04 
       9.081445233040e-03       2.105809264869e+04 
       9.208521332135e-03       2.119208430593e+04 
       9.335650533715e-03       2.132297115996e+04 
       9.462831432988e-03       2.145078308819e+04 
       9.590062714201e-03       2.157555506546e+04 
       9.717343145469e-03       2.169732696120e+04 
       9.844671573996e-03       2.181611979118e+04 
       9.972046921648e-03       2.193197409232e+04 
       1.009946818086e-02       2.204491115646e+04 
       1.022693441083e-02       2.215498235540e+04 
       1.035444473400e-02       2.226220075617e+04 
       1.048199833281e-02       2.236660880915e+04 
       1.060959444663e-02       2.246822573600e+04 
       1.073723236897e-02       2.256709812764e+04 
       1.086491144485e-02       2.266325031400e+04 
       1.099263106841e-02       2.275670716843e+04 
       1.112039068059e-02       2.284750294338e+04 
       1.124818976706e-02       2.293567905103e+04 
       1.137602785629e-02       2.302124920779e+04 
       1.150390451768e-02       2.310424891696e+04 
       1.163181935993e-02       2.318471148211e+04 
       1.175977202941e-02       2.326266036075e+04 
       1.188776220875e-02       2.333813496488e+04 
       1.201578961542e-02       2.341114942226e+04 
       1.214385400053e-02       2.348174789525e+04 
       1.227195514761e-02       2.354995100429e+04 
       1.240009287153e-02       2.361578776332e+04 
       1.252826701747e-02       2.367927909585e+04 
       1.265647746002e-02       2.374045919470e+04 
       1.278472410224e-02       2.379936235887e+04 
       1.291300687492e-02       2.385600574894e+04 
       1.304132573577e-02       2.391043247796e+04 
       1.316968066876e-02       2.396265041821e+04 
       1.329807168346e-02       2.401269469624e+04 
       1.342649881449e-02       2.406059138091e+04 
       1.355496212091e-02       2.410637745367e+04 
       1.368346168577e-02       2.415005265652e+04 
       1.381199761566e-02       2.419166146917e+04 
       1.394057004024e-02       2.423122401098e+04 
       1.406917911194e-02       2.426875865339e+04 
       1.419782500553e-02       2.430429237324e+04 
       1.432650791789e-02       2.433786088809e+04 
       1.445522806770e-02       2.436948035667e+04 
       1.458398569517e-02       2.439917366319e+04 
       1.471278106189e-02       2.442696423316e+04 
       1.484161445059e-02       2.445287363115e+04 
       1.497048616499e-02       2.447693496311e+04 
       1.509939652970e-02       2.449916116905e+04 
       1.522834589007e-02       2.451958165347e+04 
       1.535733461214e-02       2.453821689391e+04 
       1.548636308257e-02       2.455508771572e+04 
       1.561543170857e-02       2.457022896912e+04 
       1.574454091796e-02       2.458363299827e+04 
       1.587369115910e-02       2.459536200583e+04 
       1.600288290094e-02       2.460540289631e+04 
       1.613211663311e-02       2.461380176929e+04 
       1.626139286592e-02       2.462055977138e+04 
       1.639071213047e-02       2.462571355177e+04 
       1.652007497879e-02       2.462926819213e+04 
       1.664948198389e-02       2.463126645353e+04 
       1.677893373997e-02       2.463172150471e+04 
       1.690843086252e-02       2.463064502347e+04 
       1.703797398856e-02       2.462806576104e+04 
       1.716756377675e-02       2.462401311885e+04 
       1.729720090768e-02       2.461847933705e+04 
       1.742688608403e-02       2.461151549820e+04 
       1.755662003087e-02       2.460311064793e+04 
       1.768640349586e-02       2.459332630492e+04 
       1.781623724957e-02       2.458212352752e+04 
       1.794612208578e-02       2.456958101083e+04 
       1.807605882174e-02       2.455569850730e+04 
       1.820604829854e-02       2.454048147927e+04 
       1.833609138143e-02       2.452396225848e+04 
       1.846618896018e-02       2.450614746098e+04 
       1.859634194949e-02       2.448708147892e+04 
       1.872655128933e-02       2.446673691059e+04 
       1.885681794537e-02       2.444516447590e+04 
       1.898714290944e-02       2.442241586295e+04 
       1.911752719992e-02       2.439845956594e+04 
       1.924797186225e-02       2.437331949761e+04 
       1.937847796939e-02       2.434702746679e+04 
       1.950904662230e-02       2.431957878157e+04 
       1.963967895049e-02       2.429103682337e+04 
       1.977037611255e-02       2.426137325533e+04 
       1.990113929668e-02       2.423063041555e+04 
       2.003196972130e-02       2.419882674079e+04 
       2.016286863561e-02       2.416597648110e+04 
       2.029383732025e-02       2.413208790476e+04 
       2.042487708787e-02       2.409716039742e+04 
       2.055598928386e-02       2.406128376428e+04 
       2.068717528697e-02       2.402439482096e+04 
       2.081843651005e-02       2.398655237124e+04 
       2.094977440075e-02       2.394774897946e+04 
       2.108119044228e-02       2.390804588343e+04 
       2.121268615418e-02       2.386738427137e+04 
       2.134426309309e-02       2.382586447032e+04 
       2.147592285363e-02       2.378344214696e+04 
       2.160766706919e-02       2.374014723306e+04 
       2.173949741282e-02       2.369599932278e+04 
       2.187141559814e-02       2.365108375509e+04 
       2.200342338028e-02       2.360527981805e+04 
       2.213552255680e-02       2.355867082814e+04 
       2.226771496871e-02       2.351127780120e+04 
       2.240000250150e-02       2.346316042545e+04 
       2.253238708615e-02       2.341425433343e+04 
       2.266487070024e-02       2.336458464025e+04 
       2.279745536909e-02       2.331421937169e+04 
       2.293014316685e-02       2.326313034695e+04 
       2.306293621776e-02       2.321134316678e+04 
       2.319583669735e-02       2.315886809212e+04 
       2.332884683366e-02       2.310570336438e+04 
       2.346196890864e-02       2.305189006448e+04 
       2.359520525941e-02       2.299742107598e+04 
       2.372855827968e-02       2.294231710523e+04 
       2.386203042122e-02       2.288666077225e+04 
       2.399562419527e-02       2.283032826541e+04 
       2.412934217413e-02       2.277344662257e+04 
       2.426318699270e-02       2.271596650627e+04 
       2.439716135012e-02       2.265792156312e+04 
       2.453126801145e-02       2.259932089697e+04 
       2.466550980939e-02       2.254019235674e+04 
       2.479988964611e-02       2.248057104623e+04 
       2.493441049504e-02       2.242036363601e+04 
       2.506907540286e-02       2.235971741002e+04 
       2.520388749140e-02       2.229853502973e+04 
       2.533884995971e-02       2.223686867770e+04 
       2.547396608621e-02       2.217479395126e+04 
       2.560923923080e-02       2.211225810227e+04 
       2.574467283716e-02       2.204919750407e+04 
       2.588027043507e-02       2.198578001215e+04 
       2.601603564284e-02       2.192197437878e+04 
       2.615197216976e-02       2.185765818785e+04 
       2.628808381875e-02       2.179301264752e+04 
       2.642437448896e-02       2.172796808804e+04 
       2.656084817859e-02       2.166254998437e+04 
       2.669750898774e-02       2.159673874279e+04 
       2.683436112136e-02       2.153063525615e+04 
       2.697140889235e-02       2.146419076730e+04 
       2.710865672472e-02       2.139735111970e+04 
       2.724610915693e-02       2.133021700095e+04 
       2.738377084524e-02       2.126278756492e+04 
       2.752164656735e-02       2.119507988421e+04 
       2.765974122599e-02       2.112701864723e+04 
       2.779805985280e-02       2.105869493953e+04 
       2.793660761226e-02       2.099007230085e+04 
       2.807538980583e-02       2.092125182133e+04 
       2.821441187617e-02       2.085215413424e+04 
       2.835367941164e-02       2.078276388160e+04 
       2.849319815083e-02       2.071315521108e+04 
       2.863297398740e-02       2.064335806375e+04 
       2.877301297505e-02       2.057329870981e+04 
       2.891332133267e-02       2.050307245022e+04 
       2.905390544971e-02       2.043257455048e+04 
       2.919477189184e-02       2.036194758403e+04 
       2.933592740670e-02       2.029109665586e+04 
       2.947737892999e-02       2.022004461448e+04 
       2.961913359180e-02       2.014885597449e+04 
       2.976119872318e-02       2.007754949301e+04 
       2.990358186298e-02       2.000598575216e+04 
       3.004629076499e-02       1.993435430529e+04 
       3.018933340544e-02       1.986251773068e+04 
       3.033271799071e-02       1.979058454648e+04 
       3.047645296547e-02       1.971848166072e+04 
       3.062054702116e-02       1.964631987565e+04 
       3.076500910481e-02       1.957396640470e+04 
       3.090984842827e-02       1.950156712713e+04 
       3.105507447788e-02       1.942904475609e+04 
       3.120069702458e-02       1.935642583196e+04 
       3.134672613442e-02       1.928370315461e+04 
       3.149317217965e-02       1.921093178309e+04 
       3.164004585025e-02       1.913804538213e+04 
       3.178735816605e-02       1.906503746373e+04 
       3.193512048943e-02       1.899209130015e+04 
       3.208334453860e-02       1.891896157663e+04 
       3.223204240153e-02       1.884579073557e+04 
       3.238122655061e-02       1.877261639313e+04 
       3.253090985796e-02       1.869937768031e+04 
       3.268110561160e-02       1.862606347004e+04 
       3.283182753232e-02       1.855275512664e+04 
       3.298308979154e-02       1.847941995041e+04 
       3.313490702999e-02       1.840602702500e+04 
       3.328729437740e-02       1.833261217813e+04 
       3.344026747326e-02       1.825911893999e+04 
       3.359384248861e-02       1.818563169835e+04 
       3.374803614909e-02       1.811221246359e+04 
       3.390286575914e-02       1.803863805957e+04 
       3.405834922763e-02       1.796522234752e+04 
       3.421450509488e-02       1.789168037892e+04 
       3.437135256114e-02       1.781814338356e+04 
       3.452891151676e-02       1.774461236249e+04 
       3.468720257408e-02       1.767113412780e+04 
       3.484624710112e-02       1.759762867036e+04 
       3.500606725732e-02       1.752412711294e+04 
       3.516668603136e-02       1.745056902731e+04 
       3.532812728125e-02       1.737710547780e+04 
       3.549041577691e-02       1.730360545746e+04 
       3.565357724529e-02       1.723013076784e+04 
       3.581763841834e-02       1.715668644972e+04 
       3.598262708407e-02       1.708327868593e+04 
       3.614857214075e-02       1.700981870169e+04 
       3.631550365471e-02       1.693641522028e+04 
       3.648345292186e-02       1.686304677996e+04 
       3.665245253334e-02       1.678964164720e+04 
       3.682253644556e-02       1.671625099145e+04 
       3.699374005499e-02       1.664289181559e+04 
       3.716610027812e-02       1.656963880152e+04 
       3.733965563703e-02       1.649626853030e+04 
       3.751444635102e-02       1.642296463639e+04 
       3.769051443473e-02       1.634972364986e+04 
       3.786790380356e-02       1.627643056104e+04 
       3.804666038679e-02       1.620318124279e+04 
       3.822683224910e-02       1.612990788344e+04 
       3.840846972153e-02       1.605664295040e+04 
       3.859162554233e-02       1.598342472406e+04 
       3.877635500893e-02       1.591017063831e+04 
       3.896271614205e-02       1.583692402403e+04 
       3.915076986289e-02       1.576368472265e+04 
       3.934058018502e-02       1.569046058461e+04 
       3.953221442209e-02       1.561718524070e+04 
       3.972574341319e-02       1.554388646684e+04 
       3.992124176757e-02       1.547059182125e+04 
       4.011878813071e-02       1.539724455556e+04 
       4.031846547408e-02       1.532387414716e+04 
       4.052036141099e-02       1.525048606788e+04 
       4.072456854154e-02       1.517706231039e+04 
       4.093118482982e-02       1.510357723855e+04 
       4.114031401694e-02       1.502998032722e+04 
       4.135206607422e-02       1.495637057863e+04 
       4.156655770093e-02       1.488267258129e+04 
       4.178391287223e-02       1.480890590443e+04 
       4.200426344315e-02       1.473505235436e+04 
       4.222774981565e-02       1.466107262114e+04 
       4.245452167675e-02       1.458701669587e+04 
       4.268473881683e-02       1.451279475099e+04 
       4.291857203855e-02       1.443842401092e+04 
       4.315620416873e-02       1.436395702435e+04 
       4.339783118697e-02       1.428931361115e+04 
       4.364366348756e-02       1.421446386571e+04 
       4.389392729354e-02       1.413943643657e+04 
       4.414886624501e-02       1.406418700125e+04 
       4.440874318776e-02       1.398873340294e+04 
       4.467384219262e-02       1.391298996858e+04 
       4.494447084132e-02       1.383696924052e+04 
       4.522096282159e-02       1.376066593157e+04 
       4.550368088146e-02       1.368404997487e+04 
       4.579302020322e-02       1.360708628803e+04 
       4.608941226826e-02       1.352971682150e+04 
       4.639332929922e-02       1.345194312804e+04 
       4.670528938281e-02       1.337373206906e+04 
       4.702586239878e-02       1.329501793410e+04 
       4.735567690725e-02       1.321580124835e+04 
       4.769542818009e-02       1.313599027108e+04 
       4.804588760383e-02       1.305555085864e+04 
       4.840791373395e-02       1.297442453949e+04 
       4.878246534635e-02       1.289255412818e+04 
       4.917061691512e-02       1.280988957309e+04 
       4.957357705158e-02       1.272626919548e+04 
       4.999271057354e-02       1.264168653432e+04 
       5.042956504529e-02       1.255600498474e+04 
       5.088590284672e-02       1.246911992267e+04 
       5.136374010807e-02       1.238088765569e+04 
       5.186539419914e-02       1.229113668116e+04 
       5.239354190594e-02       1.219971128543e+04 
       5.295129097803e-02       1.210635580045e+04 
       5.354226839597e-02       1.201081035171e+04 
       5.417072947569e-02       1.191277154449e+04 
       5.484169273471e-02       1.181182796204e+04 
       5.556110611970e-02       1.170745972665e+04 
       5.633605034549e-02       1.159909760950e+04 
       5.717498388791e-02       1.148590951175e+04 
       5.808802995031e-02       1.136683511098e+04 
       5.908729534332e-02       1.124052388477e+04 
       6.018718911273e-02       1.110516242045e+04 
       6.140466603682e-02       1.095834968820e+04 
       6.275924537957e-02       1.079679077327e+04 
       6.427254191852e-02       1.061622615500e+04 
       6.596691665043e-02       1.041116678210e+04 
       6.786281169931e-02       1.017496683631e+04 
       6.997461386408e-02       9.900428176094e+03 
       7.230576764002e-02       9.581191506278e+03 
       7.484516072098e-02       9.213962709199e+03 
       7.756733413072e-02       8.800840171360e+03 
       8.043738348124e-02       8.350554293095e+03 
       8.341831849349e-02       7.877727777034e+03 
       8.647726233230e-02       7.400381633714e+03 
       8.958846583691e-02       6.936836863672e+03 
       9.273348048566e-02       6.503073625418e+03 
       9.589986333642e-02       6.111007881798e+03 
       9.907954778901e-02       5.767788443917e+03 
       1.022674347913e-01       5.475858665287e+03 
       1.054603516520e-01       5.233478361680e+03 
       1.086563434009e-01       5.035579461920e+03 
       1.118542125010e-01       4.874633243949e+03 
       1.150532279482e-01       4.741577850674e+03 
       1.182529443945e-01       4.626706180190e+03 
       1.214530907764e-01       4.520526665025e+03 
       1.246535021406e-01       4.414599446970e+03 
       1.278540780609e-01       4.302225879274e+03 
       1.310547573273e-01       4.178973246227e+03 
       1.342555025593e-01       4.042900297699e+03 
       1.374562908589e-01       3.894490663884e+03 
       1.406571081343e-01       3.736282498107e+03 
       1.438579456534e-01       3.572301827314e+03 
       1.470587979506e-01       3.407370244698e+03 
       1.502596615561e-01       3.246451287234e+03 
       1.534605342227e-01       3.094050183596e+03 
       1.566614144565e-01       2.953789900474e+03 
       1.598623012304e-01       2.828128393275e+03 
       1.630631938097e-01       2.718270892086e+03 
       1.662640916454e-01       2.624192146709e+03 
       1.694649943088e-01       2.544776593948e+03 
       1.726659014510e-01       2.478038276254e+03 
       1.758668127780e-01       2.421380088653e+03 
       1.790677280343e-01       2.371856684154e+03 
       1.822686469937e-01       2.326714703964e+03 
       1.854695694522e-01       2.283275029667e+03 
       1.886704952236e-01       2.238637869955e+03 
       1.918714241368e-01       2.190927076691e+03 
       1.950723560336e-01       2.139016345320e+03 
       1.982732907667e-01       2.082612815999e+03 
       2.014742281992e-01       2.022159387262e+03 
       2.046751682027e-01       1.958716275505e+03 
       2.078761106574e-01       1.893694476501e+03 
       2.110770554506e-01       1.828702702688e+03 
       2.142780024766e-01       1.765278591434e+03 
       2.174789516362e-01       1.704768469547e+03 
       2.206799028356e-01       1.648242465478e+03 
       2.238808559869e-01       1.596444975387e+03 
       2.270818110067e-01       1.549766575803e+03 
       2.302827678168e-01       1.508252030970e+03 
       2.334837263429e-01       1.471613525423e+03 
       2.366846865150e-01       1.439274932324e+03 
       2.398856482666e-01       1.410435137432e+03 
       2.430866115351e-01       1.384158085141e+03 
       2.462875762609e-01       1.359470160201e+03 
       2.494885423875e-01       1.335460632211e+03 
       2.526895098614e-01       1.311352942603e+03 
       2.558904786317e-01       1.286561180137e+03 
       2.590914486500e-01       1.260727282693e+03 
       2.622924198704e-01       1.233690648520e+03 
       2.654933922491e-01       1.205519618289e+03 
       2.686943657446e-01       1.176433197269e+03 
       2.718953403171e-01       1.146815597865e+03 
       2.750963159288e-01       1.117141338819e+03 
       2.782972925436e-01       1.087924108780e+03 
       2.814982701272e-01       1.059655036898e+03 
       2.846992486467e-01       1.032747045146e+03 
       2.879002280706e-01       1.007497872025e+03 
       2.911012083690e-01       9.840637683703e+02 
       2.943021895133e-01       9.624704956932e+02 
       2.975031714759e-01       9.426274850701e+02 
       3.007041542306e-01       9.243556374873e+02 
       3.039051377522e-01       9.074123278131e+02 
       3.071061220166e-01       8.915179198573e+02 
       3.103071070007e-01       8.763748345291e+02 
       3.135080926824e-01       8.616920384592e+02 
       3.167090790404e-01       8.472017961772e+02 
       3.199100660543e-01       8.326872611434e+02 
       3.231110537045e-01       8.179979847411e+02 
       3.263120419721e-01       8.030590605570e+02 
       3.295130308392e-01       7.878733873992e+02 
       3.327140202883e-01       7.725058054974e+02 
       3.359150103027e-01       7.570660186594e+02 
       3.391160008664e-01       7.416916806177e+02 
       3.423169919638e-01       7.265229237992e+02 
       3.455179835800e-01       7.117004211423e+02 
       3.487189757007e-01       6.973457504965e+02 
       3.519199683121e-01       6.835619856336e+02 
       3.551209614008e-01       6.704229158325e+02 
       3.583219549540e-01       6.579642115999e+02 
       3.615229489593e-01       6.461838704462e+02 
       3.647239434047e-01       6.350399069938e+02 
       3.679249382787e-01       6.244589349537e+02 
       3.711259335702e-01       6.143455853466e+02 
       3.743269292684e-01       6.045985764240e+02 
       3.775279253629e-01       5.951181914612e+02 
       3.807289218437e-01       5.858241389616e+02 
       3.839299187010e-01       5.766482533121e+02 
       3.871309159256e-01       5.675404199002e+02 
       3.903319135083e-01       5.584694793657e+02 
       3.935329114403e-01       5.494192763183e+02 
       3.967339097132e-01       5.403925528478e+02 
       3.999349083188e-01       5.314064048726e+02 
       4.031359072490e-01       5.224952311069e+02 
       4.063369064962e-01       5.136997521010e+02 
       4.095379060530e-01       5.050649787877e+02 
       4.127389059120e-01       4.966318123173e+02 
       4.159399060663e-01       4.884292320184e+02 
       4.191409065092e-01       4.804751710082e+02 
       4.223419072339e-01       4.727834192681e+02 
       4.255429082342e-01       4.653504060208e+02 
       4.287439095038e-01       4.581729742520e+02 
       4.319449110367e-01       4.512404842755e+02 
       4.351459128272e-01       4.445351423532e+02 
       4.383469148694e-01       4.380382695718e+02 
       4.415479171580e-01       4.317188612103e+02 
       4.447489196876e-01       4.255502719709e+02 
       4.479499224530e-01       4.194979728312e+02 
       4.511509254492e-01       4.135389510368e+02 
       4.543519286712e-01       4.076571079155e+02 
       4.575529321144e-01       4.018400717901e+02 
       4.607539357741e-01       3.960864847832e+02 
       4.639549396457e-01       3.903919639106e+02 
       4.671559437250e-01       3.847641812568e+02 
       4.703569480077e-01       3.792080199686e+02 
       4.735579524896e-01       3.737286920397e+02 
       4.767589571667e-01       3.683402149674e+02 
       4.799599620351e-01       3.630541801396e+02 
       4.831609670910e-01       3.578820788768e+02 
       4.863619723307e-01       3.528375913801e+02 
       4.895629777505e-01       3.479242532429e+02 
       4.927639833469e-01       3.431438307456e+02 
       4.959649891165e-01       3.384876271744e+02 
       4.991659950560e-01       3.339511985854e+02 
       5.023670011620e-01       3.295239763821e+02 
       5.055680074315e-01       3.251944617944e+02 
       5.087690138613e-01       3.209561705349e+02 
       5.119700204485e-01       3.167980575583e+02 
       5.151710271899e-01       3.127124922586e+02 
       5.183720340829e-01       3.086912574585e+02 
       5.215730411246e-01       3.047271477499e+02 
       5.247740483123e-01       3.008134227619e+02 
       5.477097102184e-01       2.743799510310e+02 
       5.729660511603e-01       2.490375584852e+02 
       6.011798944076e-01       2.245631597160e+02 
       6.332967463740e-01       2.004617546200e+02 
       6.707949310484e-01       1.767752859186e+02 
       7.161382624479e-01       1.530165190770e+02 
       7.737655891223e-01       1.288229967607e+02 
       8.524080773736e-01       1.036570177990e+02 
       9.703644508583e-01       7.721433269291e+01 
       1.161344134156e+00       5.101994701985e+01 
       1.448882340567e+00       3.035583178573e+01 
       1.823431694819e+00       1.752664851516e+01 
       2.295558637384e+00       1.002235143069e+01 
       2.889937093026e+00       5.685433393084e+00 
       3.638215244895e+00       3.201907872208e+00 
       4.580241625375e+00       1.791363954493e+00 
       5.766182574343e+00       9.962291830863e-01 
       7.259193771885e+00       5.509830959792e-01 
       9.138783508563e+00       3.032000376528e-01 
       1.150504679182e+01       1.660710882850e-01 
       1.448399577010e+01       9.057119592226e-02 
       1.823427033930e+01       4.919675428836e-02 
       2.295558629566e+01       2.662171124293e-02 
       2.889937093025e+01       1.435369630929e-02 
       3.638215244895e+01       7.711652488622e-03 
