# Matter power spectrum P(k) at redshift z=0
# for k=1.82301e-05 to 35.9845 h/Mpc,
# number of wavenumbers equal to 553
#    1:k (h/Mpc)              2:P (Mpc/h)^3        
       1.823013203820e-05       7.151801577385e+02 
       3.110359248551e-05       3.779663427639e+02 
       4.404282912748e-05       3.344970516269e+02 
       5.708261041224e-05       3.452307790002e+02 
       7.025845853408e-05       3.745113787438e+02 
       8.360696514828e-05       4.125096714509e+02 
       9.716611950933e-05       4.555605303208e+02 
       1.109756532820e-04       5.020514497876e+02 
       1.250774063100e-04       5.512130907862e+02 
       1.395157176483e-04       6.026777301088e+02 
       1.543378461406e-04       6.562922820920e+02 
       1.695944247037e-04       7.120302888982e+02 
       1.853399522107e-04       7.699472274449e+02 
       2.016333263558e-04       8.301566441121e+02 
       2.185384200265e-04       8.928170675232e+02 
       2.361247023528e-04       9.581248616583e+02 
       2.544679035680e-04       1.026310538326e+03 
       2.736507198409e-04       1.097637141344e+03 
       2.937635500546e-04       1.172399909317e+03 
       3.149052507394e-04       1.250926686018e+03 
       3.371838876515e-04       1.333578748402e+03 
       3.607174524258e-04       1.420751688983e+03 
       3.856345000128e-04       1.512876109875e+03 
       4.120746471055e-04       1.610417793251e+03 
       4.401888537378e-04       1.713876998785e+03 
       4.701393905827e-04       1.823786507203e+03 
       5.020993750954e-04       1.940707946598e+03 
       5.362517437718e-04       2.065225921577e+03 
       5.727875203046e-04       2.197939499978e+03 
       6.119032468608e-04       2.339450595092e+03 
       6.537974756942e-04       2.490349027778e+03 
       6.986662781100e-04       2.651194254867e+03 
       7.466978217648e-04       2.822494129590e+03 
       7.980661933684e-04       3.004681532507e+03 
       8.529247901251e-04       3.198090344814e+03 
       9.113997460966e-04       3.402932518579e+03 
       9.735839657845e-04       3.619278470716e+03 
       1.039532370969e-03       3.847043169275e+03 
       1.109258901924e-03       4.085979527425e+03 
       1.182735646083e-03       4.335680553172e+03 
       1.259894220061e-03       4.595590198843e+03 
       1.340629253822e-03       4.865000432214e+03 
       1.424803578122e-03       5.143116696507e+03 
       1.512254549061e-03       5.429089732969e+03 
       1.602800882617e-03       5.722001213162e+03 
       1.696249413819e-03       6.020911809361e+03 
       1.792401312293e-03       6.324885718882e+03 
       1.891057440271e-03       6.633010921252e+03 
       1.992022694691e-03       6.944414820954e+03 
       2.095109306618e-03       7.258275904541e+03 
       2.200139166395e-03       7.573831177510e+03 
       2.306945300485e-03       7.890379962893e+03 
       2.415372651530e-03       8.207285411686e+03 
       2.525278315245e-03       8.523972912145e+03 
       2.636531375168e-03       8.839928129194e+03 
       2.749012456026e-03       9.154692863821e+03 
       2.862613093851e-03       9.467862245125e+03 
       2.977234999060e-03       9.779079688497e+03 
       3.092789269406e-03       1.008803114672e+04 
       3.209195593596e-03       1.039444377695e+04 
       3.326381473512e-03       1.069807947608e+04 
       3.444281483168e-03       1.099873162332e+04 
       3.562836575180e-03       1.129622206636e+04 
       3.681993440254e-03       1.159039846872e+04 
       3.801703921501e-03       1.188112894319e+04 
       3.921924482932e-03       1.216830547211e+04 
       4.042615729838e-03       1.245183150357e+04 
       4.163741977890e-03       1.273163352890e+04 
       4.285270867210e-03       1.300764478188e+04 
       4.407173017554e-03       1.327981491398e+04 
       4.529421720704e-03       1.354810258562e+04 
       4.651992666370e-03       1.381247751847e+04 
       4.774863698083e-03       1.407291535899e+04 
       4.898014595859e-03       1.432939149016e+04 
       5.021426882682e-03       1.458191416387e+04 
       5.145083652151e-03       1.477782520013e+04 
       5.268969414893e-03       1.502031135093e+04 
       5.393069961598e-03       1.525881803407e+04 
       5.517372240805e-03       1.549335546570e+04 
       5.641864249727e-03       1.572392601573e+04 
       5.766534936633e-03       1.595055776755e+04 
       5.891374113485e-03       1.617326309836e+04 
       6.016372377644e-03       1.639207285750e+04 
       6.141521041644e-03       1.660700468163e+04 
       6.266812070106e-03       1.681808163124e+04 
       6.392238023024e-03       1.702533577060e+04 
       6.517792004690e-03       1.722879030846e+04 
       6.643467617665e-03       1.742847573774e+04 
       6.769258921225e-03       1.762442964210e+04 
       6.895160393823e-03       1.781667889863e+04 
       7.021166899119e-03       1.800525059985e+04 
       7.147273655212e-03       1.819018548123e+04 
       7.273476206735e-03       1.837151273656e+04 
       7.399770399516e-03       1.854925942058e+04 
       7.526152357549e-03       1.872347621226e+04 
       7.652618462032e-03       1.889418959995e+04 
       7.779165332265e-03       1.906142931195e+04 
       7.905789808232e-03       1.922523729644e+04 
       8.032488934696e-03       1.938564674466e+04 
       8.159259946656e-03       1.954268274526e+04 
       8.286100256044e-03       1.969638154261e+04 
       8.413007439536e-03       1.984680340656e+04 
       8.539979227382e-03       1.999396620490e+04 
       8.667013493146e-03       2.013789996940e+04 
       8.794108244291e-03       2.027864388618e+04 
       8.921261613511e-03       2.041622907303e+04 
       9.048471850765e-03       2.055069554875e+04 
       9.175737315932e-03       2.068207327698e+04 
       9.303056472043e-03       2.081040003540e+04 
       9.430427879036e-03       2.093570798881e+04 
       9.557850187992e-03       2.105802775985e+04 
       9.685322135806e-03       2.117739305275e+04 
       9.812842540261e-03       2.129384162301e+04 
       9.940410295472e-03       2.140739810218e+04 
       1.006802436767e-02       2.151809775088e+04 
       1.019568379127e-02       2.162597455418e+04 
       1.032338766528e-02       2.173105534794e+04 
       1.045113514994e-02       2.183337984424e+04 
       1.057892546354e-02       2.193296845989e+04 
       1.070675787961e-02       2.202985697341e+04 
       1.083463172418e-02       2.212408290358e+04 
       1.096254637330e-02       2.221565811017e+04 
       1.109050125068e-02       2.230464559318e+04 
       1.121849582561e-02       2.239105075464e+04 
       1.134652961085e-02       2.247490418692e+04 
       1.147460216085e-02       2.255624196521e+04 
       1.160271306996e-02       2.263509292402e+04 
       1.173086197084e-02       2.271149283645e+04 
       1.185904853293e-02       2.278545402730e+04 
       1.198727246110e-02       2.285702239418e+04 
       1.211553349428e-02       2.292621743718e+04 
       1.224383140430e-02       2.299307131475e+04 
       1.237216599478e-02       2.305760563039e+04 
       1.250053710002e-02       2.311985890533e+04 
       1.262894458409e-02       2.317985029380e+04 
       1.275738833991e-02       2.323761073243e+04 
       1.288586828841e-02       2.329316206965e+04 
       1.301438437775e-02       2.334654738136e+04 
       1.314293658265e-02       2.339777107476e+04 
       1.327152490365e-02       2.344688788467e+04 
       1.340014936660e-02       2.349389582394e+04 
       1.352881002200e-02       2.353884541718e+04 
       1.365750694457e-02       2.358173996037e+04 
       1.378624023271e-02       2.362261635376e+04 
       1.391501000812e-02       2.366149498313e+04 
       1.404381641537e-02       2.369840018783e+04 
       1.417265962158e-02       2.373336059902e+04 
       1.430153981607e-02       2.376639458419e+04 
       1.443045721008e-02       2.379753722850e+04 
       1.455941203653e-02       2.382679998076e+04 
       1.468840454977e-02       2.385421043757e+04 
       1.481743502541e-02       2.387978581983e+04 
       1.494650376014e-02       2.390357250595e+04 
       1.507561107157e-02       2.392556361309e+04 
       1.520475729816e-02       2.394579738927e+04 
       1.533394279906e-02       2.396429819864e+04 
       1.546316795412e-02       2.398107861498e+04 
       1.559243316378e-02       2.399617235924e+04 
       1.572173884908e-02       2.400959901212e+04 
       1.585108545166e-02       2.402136594685e+04 
       1.598047343376e-02       2.403151243276e+04 
       1.610990327826e-02       2.404005371940e+04 
       1.623937548878e-02       2.404701392257e+04 
       1.636889058970e-02       2.405240053582e+04 
       1.649844912630e-02       2.405625200679e+04 
       1.662805166483e-02       2.405858618009e+04 
       1.675769879271e-02       2.405940399800e+04 
       1.688739111863e-02       2.405874731600e+04 
       1.701712927272e-02       2.405664097375e+04 
       1.714691390677e-02       2.405308597750e+04 
       1.727674569441e-02       2.404810193393e+04 
       1.740662533131e-02       2.404172979060e+04 
       1.753655353547e-02       2.403397800600e+04 
       1.766653104743e-02       2.402485715818e+04 
       1.779655863054e-02       2.401439714227e+04 
       1.792663707130e-02       2.400261302862e+04 
       1.805676717958e-02       2.398952418848e+04 
       1.818694978901e-02       2.397515824994e+04 
       1.831718575729e-02       2.395952085514e+04 
       1.844747596655e-02       2.394263310688e+04 
       1.857782132369e-02       2.392452400222e+04 
       1.870822276082e-02       2.390518923240e+04 
       1.883868123564e-02       2.388467862579e+04 
       1.896919773183e-02       2.386299064644e+04 
       1.909977325955e-02       2.384014458503e+04 
       1.923040885585e-02       2.381615735806e+04 
       1.936110558516e-02       2.379106320326e+04 
       1.949186453979e-02       2.376486622576e+04 
       1.962268684042e-02       2.373755047092e+04 
       1.975357363666e-02       2.370919800687e+04 
       1.988452610757e-02       2.367980628992e+04 
       2.001554546225e-02       2.364936235151e+04 
       2.014663294041e-02       2.361790855852e+04 
       2.027778981300e-02       2.358544586773e+04 
       2.040901738282e-02       2.355200564855e+04 
       2.054031698518e-02       2.351760382837e+04 
       2.067168998856e-02       2.348225742532e+04 
       2.080313779531e-02       2.344597583912e+04 
       2.093466184240e-02       2.340879079008e+04 
       2.106626360208e-02       2.337068600259e+04 
       2.119794458273e-02       2.333171106609e+04 
       2.132970632960e-02       2.329184714831e+04 
       2.146155042563e-02       2.325116654780e+04 
       2.159347849228e-02       2.320960861478e+04 
       2.172549219042e-02       2.316724030543e+04 
       2.185759322121e-02       2.312410479926e+04 
       2.198978332701e-02       2.308014277982e+04 
       2.212206429233e-02       2.303536496324e+04 
       2.225443794485e-02       2.298985325596e+04 
       2.238690615636e-02       2.294366031539e+04 
       2.251947084385e-02       2.289668073544e+04 
       2.265213397058e-02       2.284899844414e+04 
       2.278489754718e-02       2.280056717346e+04 
       2.291776363276e-02       2.275148255912e+04 
       2.305073433616e-02       2.270172775402e+04 
       2.318381181709e-02       2.265131492103e+04 
       2.331699828744e-02       2.260021694000e+04 
       2.345029601253e-02       2.254848529090e+04 
       2.358370731248e-02       2.249615682891e+04 
       2.371723456355e-02       2.244323395482e+04 
       2.385088019959e-02       2.238968592424e+04 
       2.398464671348e-02       2.233557545155e+04 
       2.411853665867e-02       2.228083068670e+04 
       2.425255265072e-02       2.222563818099e+04 
       2.438669736889e-02       2.216983338470e+04 
       2.452097355787e-02       2.211348736030e+04 
       2.465538402942e-02       2.205662362483e+04 
       2.478993166419e-02       2.199928297255e+04 
       2.492461941353e-02       2.194141708142e+04 
       2.505945030142e-02       2.188308257356e+04 
       2.519442742636e-02       2.182426843348e+04 
       2.532955396343e-02       2.176498668228e+04 
       2.546483316640e-02       2.170526181455e+04 
       2.560026836982e-02       2.164510613066e+04 
       2.573586299132e-02       2.158450036999e+04 
       2.587162053387e-02       2.152348190065e+04 
       2.600754458819e-02       2.146206547881e+04 
       2.614363883520e-02       2.140026654772e+04 
       2.627990704862e-02       2.133807806886e+04 
       2.641635309752e-02       2.127551083405e+04 
       2.655298094917e-02       2.121260240047e+04 
       2.668979467177e-02       2.114931751202e+04 
       2.682679843745e-02       2.108570271855e+04 
       2.696399652529e-02       2.102175714459e+04 
       2.710139332446e-02       2.095751338386e+04 
       2.723899333747e-02       2.089289645672e+04 
       2.737680118358e-02       2.082804803199e+04 
       2.751482160230e-02       2.076288192173e+04 
       2.765305945700e-02       2.069743949244e+04 
       2.779151973871e-02       2.063166449576e+04 
       2.793020757003e-02       2.056574108946e+04 
       2.806912820915e-02       2.049944085204e+04 
       2.820828705413e-02       2.043297556722e+04 
       2.834768964723e-02       2.036623443736e+04 
       2.848734167948e-02       2.029927871529e+04 
       2.862724899539e-02       2.023213046839e+04 
       2.876741759789e-02       2.016474359329e+04 
       2.890785365337e-02       2.009711993723e+04 
       2.904856349708e-02       2.002936516746e+04 
       2.918955363858e-02       1.996137554837e+04 
       2.933083076752e-02       1.989320806951e+04 
       2.947240175961e-02       1.982489386875e+04 
       2.961427368286e-02       1.975636331775e+04 
       2.975645380405e-02       1.968776593753e+04 
       2.989894959551e-02       1.961895732994e+04 
       3.004176874216e-02       1.955000416129e+04 
       3.018491914885e-02       1.948091600183e+04 
       3.032840894802e-02       1.941174862536e+04 
       3.047224650770e-02       1.934239663980e+04 
       3.061644043986e-02       1.927291259962e+04 
       3.076099960912e-02       1.920330117742e+04 
       3.090593314184e-02       1.913369748747e+04 
       3.105125043565e-02       1.906392140078e+04 
       3.119696116937e-02       1.899405437206e+04 
       3.134307531343e-02       1.892412970801e+04 
       3.148960314070e-02       1.885408833816e+04 
       3.163655523796e-02       1.878400888848e+04 
       3.178394251773e-02       1.871382652729e+04 
       3.193177623079e-02       1.864353004550e+04 
       3.208006797930e-02       1.857326302287e+04 
       3.222882973044e-02       1.850291259050e+04 
       3.237807383088e-02       1.843256856437e+04 
       3.252781302182e-02       1.836212099778e+04 
       3.267806045488e-02       1.829164538616e+04 
       3.282882970871e-02       1.822113639375e+04 
       3.298013480653e-02       1.815063624541e+04 
       3.313199023450e-02       1.807996925837e+04 
       3.328441096108e-02       1.800945530230e+04 
       3.343741245737e-02       1.793877471164e+04 
       3.359101071860e-02       1.786811681767e+04 
       3.374522228669e-02       1.779752700581e+04 
       3.390006427408e-02       1.772684057849e+04 
       3.405555438884e-02       1.765616672796e+04 
       3.421171096118e-02       1.758552881516e+04 
       3.436855297145e-02       1.751482736571e+04 
       3.452610007971e-02       1.744420778375e+04 
       3.468437265699e-02       1.737351839221e+04 
       3.484339181836e-02       1.730289132148e+04 
       3.500317945795e-02       1.723225000422e+04 
       3.516375828601e-02       1.716163657522e+04 
       3.532515186820e-02       1.709099030093e+04 
       3.548738466731e-02       1.702039120181e+04 
       3.565048208744e-02       1.694988500357e+04 
       3.581447052099e-02       1.687935454794e+04 
       3.597937739860e-02       1.680875897738e+04 
       3.614523124221e-02       1.673826537462e+04 
       3.631206172162e-02       1.666774373320e+04 
       3.647989971463e-02       1.659729995922e+04 
       3.664877737125e-02       1.652690255674e+04 
       3.681872818213e-02       1.645646268361e+04 
       3.698978705166e-02       1.638610852601e+04 
       3.716199037610e-02       1.631565716905e+04 
       3.733537612707e-02       1.624534024488e+04 
       3.750998394103e-02       1.617498914278e+04 
       3.768585521508e-02       1.610471442370e+04 
       3.786303320970e-02       1.603443020240e+04 
       3.804156315909e-02       1.596419458868e+04 
       3.822149238968e-02       1.589398793755e+04 
       3.840287044764e-02       1.582376002796e+04 
       3.858574923611e-02       1.575357144171e+04 
       3.877018316321e-02       1.568337600408e+04 
       3.895622930163e-02       1.561322213535e+04 
       3.914394756115e-02       1.554304813674e+04 
       3.933340087506e-02       1.547291730962e+04 
       3.952465540218e-02       1.540273404857e+04 
       3.971778074570e-02       1.533261408612e+04 
       3.991285019083e-02       1.526246867809e+04 
       4.010994096305e-02       1.519228952918e+04 
       4.030913450912e-02       1.512213593882e+04 
       4.051051680337e-02       1.505196993498e+04 
       4.071417868191e-02       1.498174318936e+04 
       4.092021620792e-02       1.491154457820e+04 
       4.112873107148e-02       1.484125171090e+04 
       4.133983102786e-02       1.477095721254e+04 
       4.155363037876e-02       1.470063327771e+04 
       4.177025050165e-02       1.463022010111e+04 
       4.198982043286e-02       1.455973445993e+04 
       4.221247751124e-02       1.448919438280e+04 
       4.243836808976e-02       1.441865566039e+04 
       4.266764832386e-02       1.434793683380e+04 
       4.290048504654e-02       1.427713843988e+04 
       4.313705674165e-02       1.420624942680e+04 
       4.337755462872e-02       1.413523053157e+04 
       4.362218387484e-02       1.406408182678e+04 
       4.387116495142e-02       1.399276673726e+04 
       4.412473515686e-02       1.392132627706e+04 
       4.438315032955e-02       1.384970636362e+04 
       4.464668677993e-02       1.377788873004e+04 
       4.491564347547e-02       1.370586959036e+04 
       4.519034451832e-02       1.363361375985e+04 
       4.547114196311e-02       1.356115398615e+04 
       4.575841903106e-02       1.348836557312e+04 
       4.605259378753e-02       1.341528587400e+04 
       4.635412336342e-02       1.334189989099e+04 
       4.666350881733e-02       1.326818818759e+04 
       4.698130075511e-02       1.319407753993e+04 
       4.730810584871e-02       1.311956382486e+04 
       4.764459442675e-02       1.304460747813e+04 
       4.799150934790e-02       1.296920667137e+04 
       4.834967641633e-02       1.289323256923e+04 
       4.872001665892e-02       1.281668791846e+04 
       4.910356086060e-02       1.273948440396e+04 
       4.950146685067e-02       1.266163828898e+04 
       4.991504015622e-02       1.258301146464e+04 
       5.034575879501e-02       1.250353086871e+04 
       5.079530318000e-02       1.242311496519e+04 
       5.126559236165e-02       1.234170861355e+04 
       5.175882815762e-02       1.225914211045e+04 
       5.227754912771e-02       1.217524771924e+04 
       5.282469686159e-02       1.208989964746e+04 
       5.340369767071e-02       1.200290044123e+04 
       5.401856351013e-02       1.191401480261e+04 
       5.467401676265e-02       1.182294935259e+04 
       5.537564427427e-02       1.172927410614e+04 
       5.613008644554e-02       1.163254658771e+04 
       5.694526662272e-02       1.153217811901e+04 
       5.783066320666e-02       1.142733886139e+04 
       5.879761931252e-02       1.131694598076e+04 
       5.985966792799e-02       1.119961543222e+04 
       6.103281673674e-02       1.107332094033e+04 
       6.233567527057e-02       1.093542792328e+04 
       6.378920776152e-02       1.078225362986e+04 
       6.541576503197e-02       1.060898476209e+04 
       6.723695322963e-02       1.040943591825e+04 
       6.927002062645e-02       1.017632331395e+04 
       7.152307786924e-02       9.902221907816e+03 
       7.399069096224e-02       9.581494517440e+03 
       7.665240781934e-02       9.212814978852e+03 
       7.947600316216e-02       8.801253419296e+03 
       8.242434827885e-02       8.358641302743e+03 
       8.546242910022e-02       7.901849376878e+03 
       8.856163126324e-02       7.449744701826e+03 
       9.170083781442e-02       7.020093827556e+03 
       9.486552098475e-02       6.627253127932e+03 
       9.804614079112e-02       6.280922143852e+03 
       1.012366175718e-01       5.985833236085e+03 
       1.044331493028e-01       5.742128688308e+03 
       1.076333859523e-01       5.546081631090e+03 
       1.108358852915e-01       5.391035557864e+03 
       1.140397659884e-01       5.268216237478e+03 
       1.172444907928e-01       5.167697499178e+03 
       1.204497326216e-01       5.079250091454e+03 
       1.236552924335e-01       4.993245602307e+03 
       1.268610490787e-01       4.901492402778e+03 
       1.300669287539e-01       4.797966962004e+03 
       1.332728864266e-01       4.679275017644e+03 
       1.364788945473e-01       4.544800880852e+03 
       1.396849361954e-01       4.396471694512e+03 
       1.428910009162e-01       4.238233475488e+03 
       1.460970821937e-01       4.075303241712e+03 
       1.493031759156e-01       3.913372662268e+03 
       1.525092794406e-01       3.757861743915e+03 
       1.557153910315e-01       3.613368786724e+03 
       1.589215095098e-01       3.483258981682e+03 
       1.621276340459e-01       3.369498818364e+03 
       1.653337640298e-01       3.272650584231e+03 
       1.685398989933e-01       3.191995283362e+03 
       1.717460385608e-01       3.125745396567e+03 
       1.749521824197e-01       3.071306478014e+03 
       1.781583303015e-01       3.025567730737e+03 
       1.813644819697e-01       2.985191175120e+03 
       1.845706372125e-01       2.947665335331e+03 
       1.877767958374e-01       2.909230889829e+03 
       1.909829576678e-01       2.867430502920e+03 
       1.941891225409e-01       2.820623918192e+03 
       1.973952903054e-01       2.768086438737e+03 
       2.006014608204e-01       2.710015515175e+03 
       2.038076339546e-01       2.647408722644e+03 
       2.070138095849e-01       2.581814608210e+03 
       2.102199875960e-01       2.515066387630e+03 
       2.134261678796e-01       2.449039399926e+03 
       2.166323503341e-01       2.385417103995e+03 
       2.198385348636e-01       2.325585252922e+03 
       2.230447213781e-01       2.270557568764e+03 
       2.262509097926e-01       2.220948943459e+03 
       2.294571000267e-01       2.176970157569e+03 
       2.326632920049e-01       2.138443075725e+03 
       2.358694856555e-01       2.104835453816e+03 
       2.390756809107e-01       2.075335781834e+03 
       2.422818777064e-01       2.048928981975e+03 
       2.454880759819e-01       2.024516179991e+03 
       2.486942756796e-01       2.001023910246e+03 
       2.519004767448e-01       1.977499489630e+03 
       2.551066791256e-01       1.953185607651e+03 
       2.583128827729e-01       1.927576686253e+03 
       2.615190876396e-01       1.900411807073e+03 
       2.647252936812e-01       1.871678068473e+03 
       2.679315008553e-01       1.841579997824e+03 
       2.711377091215e-01       1.810520360283e+03 
       2.743439184412e-01       1.779020706815e+03 
       2.775501287778e-01       1.747680728482e+03 
       2.807563400963e-01       1.717094658525e+03 
       2.839625523630e-01       1.687775618011e+03 
       2.871687655462e-01       1.660129669758e+03 
       2.903749796154e-01       1.634391308719e+03 
       2.935811945412e-01       1.610652057356e+03 
       2.967874102958e-01       1.588845352562e+03 
       2.999936268526e-01       1.568805840619e+03 
       3.031998441858e-01       1.550280052042e+03 
       3.064060622711e-01       1.532966920741e+03 
       3.096122810848e-01       1.516535920311e+03 
       3.128185006046e-01       1.500653433461e+03 
       3.160247208088e-01       1.485007785186e+03 
       3.192309416767e-01       1.469337485929e+03 
       3.224371631884e-01       1.453441944175e+03 
       3.256433853248e-01       1.437212564680e+03 
       3.288496080675e-01       1.420625042157e+03 
       3.320558313989e-01       1.403735369402e+03 
       3.352620553020e-01       1.386659175314e+03 
       3.384682797605e-01       1.369543421303e+03 
       3.416745047586e-01       1.352556350809e+03 
       3.448807302813e-01       1.335857160040e+03 
       3.480869563140e-01       1.319590015291e+03 
       3.512931828427e-01       1.303886483076e+03 
       3.544994098538e-01       1.288832575492e+03 
       3.577056373343e-01       1.274489359104e+03 
       3.609118652717e-01       1.260867773976e+03 
       3.641180936538e-01       1.247936542239e+03 
       3.673243224690e-01       1.235624043800e+03 
       3.705305517059e-01       1.223833423491e+03 
       3.737367813536e-01       1.212455118209e+03 
       3.769430114017e-01       1.201377139479e+03 
       3.801492418399e-01       1.190506508415e+03 
       3.833554726584e-01       1.179764065590e+03 
       3.865617038477e-01       1.169090128676e+03 
       3.897679353987e-01       1.158445477016e+03 
       3.929741673023e-01       1.147809895507e+03 
       3.961803995502e-01       1.137178382800e+03 
       3.993866321338e-01       1.126569515375e+03 
       4.025928650452e-01       1.116013726155e+03 
       4.057990982766e-01       1.105556691824e+03 
       4.090053318204e-01       1.095244361164e+03 
       4.122115656693e-01       1.085123952477e+03 
       4.154177998161e-01       1.075232504825e+03 
       4.186240342541e-01       1.065595350442e+03 
       4.218302689766e-01       1.056223956545e+03 
       4.250365039771e-01       1.047121944605e+03 
       4.282427392493e-01       1.038286782792e+03 
       4.314489747871e-01       1.029705769305e+03 
       4.346552105847e-01       1.021369658327e+03 
       4.378614466363e-01       1.013250595502e+03 
       4.410676829364e-01       1.005327669982e+03 
       4.442739194796e-01       9.975662179833e+02 
       4.474801562606e-01       9.899342609077e+02 
       4.506863932743e-01       9.824081781769e+02 
       4.538926305158e-01       9.749670885053e+02 
       4.570988679803e-01       9.675942904212e+02 
       4.603051056630e-01       9.602882789338e+02 
       4.635113435595e-01       9.530470898519e+02 
       4.667175816654e-01       9.458733276052e+02 
       4.699238199763e-01       9.387740887831e+02 
       4.731300584880e-01       9.317531823150e+02 
       4.763362971965e-01       9.248271267803e+02 
       4.795425360978e-01       9.180025120641e+02 
       4.827487751881e-01       9.112932163513e+02 
       4.859550144636e-01       9.047130438399e+02 
       4.891612539207e-01       8.982662875741e+02 
       4.923674935557e-01       8.919570149467e+02 
       4.955737333653e-01       8.857818661461e+02 
       4.987799733461e-01       8.797310554896e+02 
       5.019862134947e-01       8.737981432352e+02 
       5.051924538079e-01       8.679690243207e+02 
       5.083986942827e-01       8.622385486346e+02 
       5.116049349160e-01       8.565960086712e+02 
       5.148111757049e-01       8.510347551545e+02 
       5.180174166463e-01       8.455447879137e+02 
       5.212236577375e-01       8.401197116812e+02 
       5.244298989758e-01       8.347541150325e+02 
       5.472898919042e-01       7.982360876236e+02 
       5.724456492583e-01       7.620498825075e+02 
       6.005221669914e-01       7.258632579794e+02 
       6.324450401612e-01       6.889168016280e+02 
       6.696569423957e-01       6.508272568546e+02 
       7.145530131583e-01       6.104946001416e+02 
       7.714284698037e-01       5.664509249039e+02 
       8.486917340037e-01       5.161658824944e+02 
       9.639443230272e-01       4.556554866781e+02 
       1.150237999714e+00       3.814316347860e+02 
       1.433163857677e+00       3.010211136274e+02 
       1.803501811632e+00       2.284794936067e+02 
       2.270466365623e+00       1.671204923056e+02 
       2.858347789576e+00       1.176451945872e+02 
       3.598446668040e+00       7.994336120463e+01 
       4.530175953381e+00       5.270008941282e+01 
       5.703153627610e+00       3.388265010213e+01 
       7.179845029165e+00       2.135338254637e+01 
       9.038889359960e+00       1.324924878617e+01 
       1.137928750965e+01       8.123357656332e+00 
       1.432567421401e+01       4.935869325783e+00 
       1.803495530910e+01       2.978910022890e+00 
       2.270466353920e+01       1.788816063712e+00 
       2.858347789573e+01       1.070169933333e+00 
       3.598446668040e+01       6.384694366430e-01 
