# Matter power spectrum P(k) at redshift z=0
# for k=1.0534e-05 to 36.6482 h/Mpc,
# number of wavenumbers equal to 554
#    1:k (h/Mpc)              2:P (Mpc/h)^3        
       1.053399988327e-05       4.567372609041e+01 
       2.340544750864e-05       9.872428594755e+01 
       3.632233811507e-05       1.508998731624e+02 
       4.931937502862e-05       2.027397324882e+02 
       6.243183688310e-05       2.545546182533e+02 
       7.569589172776e-05       3.065795409556e+02 
       8.914892119317e-05       3.590167864512e+02 
       1.028298590198e-04       4.120536217612e+02 
       1.167795482867e-04       4.658714120718e+02 
       1.310411217120e-04       5.206511709470e+02 
       1.456604094013e-04       5.765774552981e+02 
       1.606863783619e-04       6.338414009281e+02 
       1.761716079245e-04       6.926433508838e+02 
       1.921728048419e-04       7.531952583163e+02 
       2.087513611841e-04       8.157230103467e+02 
       2.259739570753e-04       8.804687245988e+02 
       2.439132086621e-04       9.476930740527e+02 
       2.626483592456e-04       1.017677627540e+03 
       2.822660079781e-04       1.090727204348e+03 
       3.028608655922e-04       1.167172206963e+03 
       3.245365199267e-04       1.247370848619e+03 
       3.474061851249e-04       1.331711172605e+03 
       3.715933969446e-04       1.420612729349e+03 
       3.972326023754e-04       1.514527684130e+03 
       4.244695747265e-04       1.613941103513e+03 
       4.534615660573e-04       1.719370115006e+03 
       4.843770886029e-04       1.831361499410e+03 
       5.173951982326e-04       1.950487332693e+03 
       5.527041400304e-04       2.077338166823e+03 
       5.904992146231e-04       2.212513326255e+03 
       6.309797412219e-04       2.356607960571e+03 
       6.743450373919e-04       2.510196744178e+03 
       7.207894127326e-04       2.673814329765e+03 
       7.704962857814e-04       2.847933206296e+03 
       8.236316740230e-04       3.032940029693e+03 
       8.803374580022e-04       3.229112074973e+03 
       9.407249526766e-04       3.436595854899e+03 
       1.004869395779e-03       3.655390146612e+03 
       1.072805950559e-03       3.885335537192e+03 
       1.144527701434e-03       4.126112090570e+03 
       1.219985905246e-03       4.377245685819e+03 
       1.299092486433e-03       4.638123001116e+03 
       1.381724489417e-03       4.907971466302e+03 
       1.467729984876e-03       5.186005264611e+03 
       1.556934809032e-03       5.471341554072e+03 
       1.649149508072e-03       5.763061699518e+03 
       1.744175945800e-03       6.060238895769e+03 
       1.841813176336e-03       6.361960338348e+03 
       1.941862345605e-03       6.667345069870e+03 
       2.044130533802e-03       6.975557536993e+03 
       2.148433566676e-03       7.285816603766e+03 
       2.254597900239e-03       7.597401475793e+03 
       2.362461724147e-03       7.909653521491e+03 
       2.471875441338e-03       8.221976658162e+03 
       2.582701674754e-03       8.533835873314e+03 
       2.694814934195e-03       8.844752678045e+03 
       2.808101053885e-03       9.154303656298e+03 
       2.922456488357e-03       9.462114013599e+03 
       3.037787533203e-03       9.767854584408e+03 
       3.154009519257e-03       1.007123851747e+04 
       3.271046014191e-03       1.037201295472e+04 
       3.388828054147e-03       1.066996244432e+04 
       3.507293419425e-03       1.096489530611e+04 
       3.626385962028e-03       1.125665028422e+04 
       3.746054988389e-03       1.154508896775e+04 
       3.866254697600e-03       1.183009229246e+04 
       3.986943673458e-03       1.211156061768e+04 
       4.108084427431e-03       1.238940943322e+04 
       4.229642988924e-03       1.266357126673e+04 
       4.351588538960e-03       1.293398746954e+04 
       4.473893083297e-03       1.320061361154e+04 
       4.596531161113e-03       1.346341349115e+04 
       4.719479585592e-03       1.372236194113e+04 
       4.842717213018e-03       1.397743298975e+04 
       4.966224737255e-03       1.422861137497e+04 
       5.089984506769e-03       1.447591773051e+04 
       5.213980361673e-03       1.471932157790e+04 
       5.338197488494e-03       1.495885079537e+04 
       5.462622290656e-03       1.519449303511e+04 
       5.587242272860e-03       1.542626138118e+04 
       5.712045937782e-03       1.565417438113e+04 
       5.837022693682e-03       1.587824197077e+04 
       5.962162771673e-03       1.609848466488e+04 
       6.087457151553e-03       1.631492987412e+04 
       6.212897495257e-03       1.652759370348e+04 
       6.338476087037e-03       1.673649970961e+04 
       6.464185779667e-03       1.694167807620e+04 
       6.590019945972e-03       1.714314759825e+04 
       6.715972435114e-03       1.734094613557e+04 
       6.842037533132e-03       1.753510271112e+04 
       6.968209927246e-03       1.772564205162e+04 
       7.094484673565e-03       1.791259489793e+04 
       7.220857167810e-03       1.809599769545e+04 
       7.347323118750e-03       1.827587375271e+04 
       7.473878524072e-03       1.845226135393e+04 
       7.600519648438e-03       1.862519186473e+04 
       7.727243003499e-03       1.879470325873e+04 
       7.854045329678e-03       1.896082093554e+04 
       7.980923579554e-03       1.912357845567e+04 
       8.107874902668e-03       1.928301050405e+04 
       8.234896631642e-03       1.943914468731e+04 
       8.361986269466e-03       1.959202873073e+04 
       8.489141477842e-03       1.974168888403e+04 
       8.616360066504e-03       1.988816003998e+04 
       8.743639983407e-03       2.003147072977e+04 
       8.870979305706e-03       2.017165342004e+04 
       8.998376231463e-03       2.030874529744e+04 
       9.125829072016e-03       2.044277606158e+04 
       9.253336244937e-03       2.057378075602e+04 
       9.380896267550e-03       2.070179047853e+04 
       9.508507750939e-03       2.082683563472e+04 
       9.636169394417e-03       2.094894904209e+04 
       9.763879980420e-03       2.106816656608e+04 
       9.891638369774e-03       2.118450687477e+04 
       1.001944349732e-02       2.129801374691e+04 
       1.014729436787e-02       2.140870906131e+04 
       1.027519005242e-02       2.151662600282e+04 
       1.040312968472e-02       2.162179996510e+04 
       1.053111245801e-02       2.172425592152e+04 
       1.065913762202e-02       2.182402144216e+04 
       1.078720448019e-02       2.192113126560e+04 
       1.091531238709e-02       2.201560888679e+04 
       1.104346074603e-02       2.210749296981e+04 
       1.117164900679e-02       2.219680716689e+04 
       1.129987666358e-02       2.228357703594e+04 
       1.142814325308e-02       2.236783586646e+04 
       1.155644835267e-02       2.244960799403e+04 
       1.168479157873e-02       2.252893612539e+04 
       1.181317258511e-02       2.260583324106e+04 
       1.194159106167e-02       2.268032833965e+04 
       1.207004673294e-02       2.275244813133e+04 
       1.219853935687e-02       2.282223350743e+04 
       1.232706872366e-02       2.288969866193e+04 
       1.245563465470e-02       2.295487478282e+04 
       1.258423700154e-02       2.301778340371e+04 
       1.271287564497e-02       2.307845653212e+04 
       1.284155049418e-02       2.313692756511e+04 
       1.297026148591e-02       2.319321337761e+04 
       1.309900858374e-02       2.324733578909e+04 
       1.322779177743e-02       2.329933791334e+04 
       1.335661108223e-02       2.334923209424e+04 
       1.348546653834e-02       2.339705483663e+04 
       1.361435821036e-02       2.344280906348e+04 
       1.374328618681e-02       2.348654630882e+04 
       1.387225057967e-02       2.352826646083e+04 
       1.400125152397e-02       2.356800179865e+04 
       1.413028917743e-02       2.360579160596e+04 
       1.425936372009e-02       2.364163122212e+04 
       1.438847535408e-02       2.367555554347e+04 
       1.451762430326e-02       2.370759782141e+04 
       1.464681081307e-02       2.373778312298e+04 
       1.477603515024e-02       2.376610732006e+04 
       1.490529760267e-02       2.379262714709e+04 
       1.503459847925e-02       2.381734126741e+04 
       1.516393810973e-02       2.384028108928e+04 
       1.529331684464e-02       2.386146565118e+04 
       1.542273505518e-02       2.388092332616e+04 
       1.555219313319e-02       2.389866953314e+04 
       1.568169149110e-02       2.391472973373e+04 
       1.581123056193e-02       2.392911458839e+04 
       1.594081079931e-02       2.394185895572e+04 
       1.607043267749e-02       2.395298450829e+04 
       1.620009669138e-02       2.396249783962e+04 
       1.632980335667e-02       2.397043052053e+04 
       1.645955320986e-02       2.397679435335e+04 
       1.658934680842e-02       2.398162490087e+04 
       1.671918473086e-02       2.398492700192e+04 
       1.684906757693e-02       2.398673406785e+04 
       1.697899596775e-02       2.398704882058e+04 
       1.710897054598e-02       2.398591277148e+04 
       1.723899197605e-02       2.398332523217e+04 
       1.736906094433e-02       2.397932763691e+04 
       1.749917815941e-02       2.397390822450e+04 
       1.762934435229e-02       2.396711756183e+04 
       1.775956027670e-02       2.395895919584e+04 
       1.788982670932e-02       2.394943872270e+04 
       1.802014445014e-02       2.393861467765e+04 
       1.815051432273e-02       2.392648133357e+04 
       1.828093717457e-02       2.391305485216e+04 
       1.841141387741e-02       2.389834580089e+04 
       1.854194532765e-02       2.388238965537e+04 
       1.867253244668e-02       2.386521697824e+04 
       1.880317618130e-02       2.384680342849e+04 
       1.893387750414e-02       2.382719480901e+04 
       1.906463741407e-02       2.380642079212e+04 
       1.919545693667e-02       2.378445887446e+04 
       1.932633712469e-02       2.376137593960e+04 
       1.945727905854e-02       2.373715736693e+04 
       1.958828384677e-02       2.371184384327e+04 
       1.971935262661e-02       2.368542840842e+04 
       1.985048656452e-02       2.365794885514e+04 
       1.998168685673e-02       2.362936867768e+04 
       2.011295472984e-02       2.359977240447e+04 
       2.024429144139e-02       2.356915690228e+04 
       2.037569828051e-02       2.353753743967e+04 
       2.050717656854e-02       2.350492151961e+04 
       2.063872765972e-02       2.347133786537e+04 
       2.077035294182e-02       2.343676813724e+04 
       2.090205383690e-02       2.340128011208e+04 
       2.103383180203e-02       2.336487951306e+04 
       2.116568833002e-02       2.332754606956e+04 
       2.129762495021e-02       2.328931664748e+04 
       2.142964322927e-02       2.325026607041e+04 
       2.156174477203e-02       2.321029684955e+04 
       2.169393122234e-02       2.316948501288e+04 
       2.182620426393e-02       2.312786661905e+04 
       2.195856562132e-02       2.308538601727e+04 
       2.209101706081e-02       2.304211432170e+04 
       2.222356039134e-02       2.299810095832e+04 
       2.235619746559e-02       2.295330973623e+04 
       2.248893018095e-02       2.290773455154e+04 
       2.262176048060e-02       2.286142237381e+04 
       2.275469035458e-02       2.281439818470e+04 
       2.288772184094e-02       2.276662840592e+04 
       2.302085702691e-02       2.271816380687e+04 
       2.315409805004e-02       2.266906133239e+04 
       2.328744709951e-02       2.261920602937e+04 
       2.342090641738e-02       2.256871756457e+04 
       2.355447829985e-02       2.251762576741e+04 
       2.368816509871e-02       2.246586211003e+04 
       2.382196922267e-02       2.241350240745e+04 
       2.395589313883e-02       2.236048862382e+04 
       2.408993937417e-02       2.230694592822e+04 
       2.422411051708e-02       2.225277394346e+04 
       2.435840921896e-02       2.219805789629e+04 
       2.449283819584e-02       2.214275869336e+04 
       2.462740023009e-02       2.208694384965e+04 
       2.476209817217e-02       2.203057922761e+04 
       2.489693494241e-02       2.197369592186e+04 
       2.503191353291e-02       2.191632889040e+04 
       2.516703700942e-02       2.185846660971e+04 
       2.530230851337e-02       2.180006108205e+04 
       2.543773126392e-02       2.174121688096e+04 
       2.557330856007e-02       2.168193230519e+04 
       2.570904378285e-02       2.162218709968e+04 
       2.584494039762e-02       2.156202020681e+04 
       2.598100195640e-02       2.150140467032e+04 
       2.611723210032e-02       2.144036251896e+04 
       2.625363456209e-02       2.137895328609e+04 
       2.639021316867e-02       2.131711906957e+04 
       2.652697184388e-02       2.125491961785e+04 
       2.666391461126e-02       2.119234768693e+04 
       2.680104559692e-02       2.112939264432e+04 
       2.693836903255e-02       2.106605789088e+04 
       2.707588925847e-02       2.100247128963e+04 
       2.721361072691e-02       2.093851091956e+04 
       2.735153800528e-02       2.087418798062e+04 
       2.748967577964e-02       2.080964766429e+04 
       2.762802885826e-02       2.074469922747e+04 
       2.776660217536e-02       2.067953360048e+04 
       2.790540079491e-02       2.061402453437e+04 
       2.804442991468e-02       2.054827760572e+04 
       2.818369487031e-02       2.048226809986e+04 
       2.832320113968e-02       2.041598787271e+04 
       2.846295434735e-02       2.034942065156e+04 
       2.860296026919e-02       2.028270456020e+04 
       2.874322483723e-02       2.021569952698e+04 
       2.888375414464e-02       2.014846301856e+04 
       2.902455445100e-02       2.008107134299e+04 
       2.916563218764e-02       2.001343166070e+04 
       2.930699396336e-02       1.994553760742e+04 
       2.944864657025e-02       1.987754652085e+04 
       2.959059698984e-02       1.980929663017e+04 
       2.973285239944e-02       1.974093474498e+04 
       2.987542017877e-02       1.967241498686e+04 
       3.001830791689e-02       1.960365610501e+04 
       3.016152341939e-02       1.953474856776e+04 
       3.030507471590e-02       1.946573606666e+04 
       3.044897006795e-02       1.939654738211e+04 
       3.059321797713e-02       1.932724574590e+04 
       3.073782719363e-02       1.925782442989e+04 
       3.088280672514e-02       1.918827096400e+04 
       3.102816584621e-02       1.911859595233e+04 
       3.117391410796e-02       1.904883281180e+04 
       3.132006134824e-02       1.897897031624e+04 
       3.146661770233e-02       1.890894913934e+04 
       3.161359361403e-02       1.883887975123e+04 
       3.176099984736e-02       1.876873618072e+04 
       3.190884749874e-02       1.869853702902e+04 
       3.205714800984e-02       1.862817295357e+04 
       3.220591318094e-02       1.855784270488e+04 
       3.235515518505e-02       1.848734548656e+04 
       3.250488658261e-02       1.841681964125e+04 
       3.265512033704e-02       1.834623992398e+04 
       3.280586983096e-02       1.827564674191e+04 
       3.295714888333e-02       1.820492990580e+04 
       3.310897176735e-02       1.813422272551e+04 
       3.326135322940e-02       1.806340988715e+04 
       3.341430850892e-02       1.799261576471e+04 
       3.356785335929e-02       1.792181223607e+04 
       3.372200406993e-02       1.785091250291e+04 
       3.387677748947e-02       1.778009727632e+04 
       3.403219105027e-02       1.770917463735e+04 
       3.418826279427e-02       1.763819562424e+04 
       3.434501140023e-02       1.756728087020e+04 
       3.450245621257e-02       1.749638271612e+04 
       3.466061727179e-02       1.742535762092e+04 
       3.481951534669e-02       1.735438788010e+04 
       3.497917196842e-02       1.728343140886e+04 
       3.513960946655e-02       1.721239609467e+04 
       3.530085100731e-02       1.714139359229e+04 
       3.546292063409e-02       1.707039345947e+04 
       3.562584331042e-02       1.699944176070e+04 
       3.578964496564e-02       1.692839088860e+04 
       3.595435254334e-02       1.685746117182e+04 
       3.611999405297e-02       1.678644106591e+04 
       3.628659862459e-02       1.671546331316e+04 
       3.645419656736e-02       1.664454844569e+04 
       3.662281943171e-02       1.657351327649e+04 
       3.679250007570e-02       1.650256047262e+04 
       3.696327273587e-02       1.643157194607e+04 
       3.713517310283e-02       1.636064425144e+04 
       3.730823840222e-02       1.628964961793e+04 
       3.748250748115e-02       1.621876269852e+04 
       3.765802090093e-02       1.614778979303e+04 
       3.783482103643e-02       1.607687130051e+04 
       3.801295218262e-02       1.600595288272e+04 
       3.819246066907e-02       1.593498584944e+04 
       3.837339498301e-02       1.586403059157e+04 
       3.855580590180e-02       1.579308463157e+04 
       3.873974663553e-02       1.572213067427e+04 
       3.892527298097e-02       1.565116446065e+04 
       3.911244348760e-02       1.558019045609e+04 
       3.930131963717e-02       1.550922956790e+04 
       3.949196603800e-02       1.543820786328e+04 
       3.968445063541e-02       1.536716350216e+04 
       3.987884494007e-02       1.529606746629e+04 
       4.007522427593e-02       1.522495179880e+04 
       4.027366804993e-02       1.515382804868e+04 
       4.047426004566e-02       1.508268441028e+04 
       4.067708874362e-02       1.501142548181e+04 
       4.088224767100e-02       1.494014283110e+04 
       4.108983578419e-02       1.486881186761e+04 
       4.129995788778e-02       1.479735843670e+04 
       4.151272509432e-02       1.472589967432e+04 
       4.172825532946e-02       1.465429936423e+04 
       4.194667388802e-02       1.458265711035e+04 
       4.216811404722e-02       1.451084493813e+04 
       4.239271774396e-02       1.443895580521e+04 
       4.262063632454e-02       1.436692126111e+04 
       4.285203137592e-02       1.429480570349e+04 
       4.308707564935e-02       1.422251123248e+04 
       4.332595408875e-02       1.415001837590e+04 
       4.356886497823e-02       1.407737786181e+04 
       4.381602122527e-02       1.400454925738e+04 
       4.406765179918e-02       1.393151575512e+04 
       4.432400334723e-02       1.385825501937e+04 
       4.458534201514e-02       1.378471189999e+04 
       4.485195550308e-02       1.371093711414e+04 
       4.512415539386e-02       1.363685980044e+04 
       4.540227979675e-02       1.356248581457e+04 
       4.568669635868e-02       1.348773831420e+04 
       4.597780570410e-02       1.341267039544e+04 
       4.627604537710e-02       1.333719527916e+04 
       4.658189437402e-02       1.326127406880e+04 
       4.689587837292e-02       1.318491900291e+04 
       4.721857578851e-02       1.310799782633e+04 
       4.755062480905e-02       1.303059149799e+04 
       4.789273160600e-02       1.295259248666e+04 
       4.824567995029e-02       1.287389397952e+04 
       4.861034252323e-02       1.279460504244e+04 
       4.898769427788e-02       1.271437686872e+04 
       4.937882829300e-02       1.263340382377e+04 
       4.978497467054e-02       1.255155041743e+04 
       5.020752316653e-02       1.246857673825e+04 
       5.064805042202e-02       1.238454320622e+04 
       5.110835288587e-02       1.229925000111e+04 
       5.159048680856e-02       1.221258970644e+04 
       5.209681704952e-02       1.212440248915e+04 
       5.263007689812e-02       1.203444179277e+04 
       5.319344167463e-02       1.194252579623e+04 
       5.379061955866e-02       1.184839393253e+04 
       5.442596387307e-02       1.175169579777e+04 
       5.510461185701e-02       1.165203207072e+04 
       5.583265560364e-02       1.154889668717e+04 
       5.661735088064e-02       1.144162058285e+04 
       5.746736808798e-02       1.132941886229e+04 
       5.839308483401e-02       1.121125161088e+04 
       5.940690814079e-02       1.108568076230e+04 
       6.052359017340e-02       1.095090733286e+04 
       6.176045530164e-02       1.080441009697e+04 
       6.313737677223e-02       1.064296907093e+04 
       6.467622339204e-02       1.046221495252e+04 
       6.639936926853e-02       1.025670414828e+04 
       6.832684023682e-02       1.001987169557e+04 
       7.047201114761e-02       9.744790033052e+03 
       7.283672430463e-02       9.425541104964e+03 
       7.540799759397e-02       9.059505852326e+03 
       7.815881223715e-02       8.649518085799e+03 
       8.105349998930e-02       8.204858214401e+03 
       8.405517097140e-02       7.740266334530e+03 
       8.713160549077e-02       7.273429241277e+03 
       9.025788179388e-02       6.821979280769e+03 
       9.341629694913e-02       6.401019221748e+03 
       9.659497881690e-02       6.021629979141e+03 
       9.978625907414e-02       5.690218374189e+03 
       1.029853016379e-01       5.408666669586e+03 
       1.061891017555e-01       5.174892989018e+03 
       1.093958095631e-01       4.983675705515e+03 
       1.126042925057e-01       4.827481686508e+03 
       1.158138594586e-01       4.697402515832e+03 
       1.190240894392e-01       4.583981655502e+03 
       1.222347262314e-01       4.478087323733e+03 
       1.254456139162e-01       4.371696397818e+03 
       1.286566575603e-01       4.258535263812e+03 
       1.318677992924e-01       4.134578660811e+03 
       1.350790037621e-01       3.998231137128e+03 
       1.382902493061e-01       3.850214652582e+03 
       1.415015225845e-01       3.693188215612e+03 
       1.447128153240e-01       3.531176628692e+03 
       1.479241223397e-01       3.368906118228e+03 
       1.511354403339e-01       3.211163616959e+03 
       1.543467671657e-01       3.062238218093e+03 
       1.575581014076e-01       2.925527061058e+03 
       1.607694420739e-01       2.803285764790e+03 
       1.639807884568e-01       2.696534203025e+03 
       1.671921400248e-01       2.605112060412e+03 
       1.704034963609e-01       2.527825777232e+03 
       1.736148571244e-01       2.462653503446e+03 
       1.768262220272e-01       2.407011452065e+03 
       1.800375908186e-01       2.358009912904e+03 
       1.832489632757e-01       2.313039215792e+03 
       1.864603391974e-01       2.269397784288e+03 
       1.896717184002e-01       2.224377337883e+03 
       1.928831007151e-01       2.176237255537e+03 
       1.960944859857e-01       2.123975706384e+03 
       1.993058740666e-01       2.067400252360e+03 
       2.025172648222e-01       2.007010278729e+03 
       2.057286581257e-01       1.943894993184e+03 
       2.089400538586e-01       1.879463970559e+03 
       2.121514519095e-01       1.815285674638e+03 
       2.153628521737e-01       1.752827102357e+03 
       2.185742545530e-01       1.693386579508e+03 
       2.217856589547e-01       1.637964614822e+03 
       2.249970652917e-01       1.587238916387e+03 
       2.282084734816e-01       1.541545768464e+03 
       2.314198834468e-01       1.500892926020e+03 
       2.346312951139e-01       1.464964538016e+03 
       2.378427084134e-01       1.433161413180e+03 
       2.410541232798e-01       1.404683494580e+03 
       2.442655396507e-01       1.378610192934e+03 
       2.474769574673e-01       1.353990126693e+03 
       2.506883766736e-01       1.329950421531e+03 
       2.538997972165e-01       1.305751567514e+03 
       2.571112190457e-01       1.280854079912e+03 
       2.603226421133e-01       1.254923536492e+03 
       2.635340663738e-01       1.227840875617e+03 
       2.667454917837e-01       1.199678967061e+03 
       2.699569183018e-01       1.170688041393e+03 
       2.731683458888e-01       1.141243437454e+03 
       2.763797745073e-01       1.111819866088e+03 
       2.795912041215e-01       1.082915355837e+03 
       2.828026346972e-01       1.055003042622e+03 
       2.860140662019e-01       1.028471488867e+03 
       2.892254986046e-01       1.003595979509e+03 
       2.924369318754e-01       9.805144894752e+02 
       2.956483659858e-01       9.592361697650e+02 
       2.988598009088e-01       9.396594200643e+02 
       3.020712366182e-01       9.215998673527e+02 
       3.052826730891e-01       9.048152035438e+02 
       3.084941102976e-01       8.890272228433e+02 
       3.117055482208e-01       8.739456224318e+02 
       3.149169868366e-01       8.592885241302e+02 
       3.181284261241e-01       8.447989755253e+02 
       3.213398660629e-01       8.302744896435e+02 
       3.245513066337e-01       8.155715018255e+02 
       3.277627478178e-01       8.006317291058e+02 
       3.309741895972e-01       7.854626043210e+02 
       3.341856319547e-01       7.701353009243e+02 
       3.373970748738e-01       7.547601495765e+02 
       3.406085183383e-01       7.394734569917e+02 
       3.438199623331e-01       7.244119944342e+02 
       3.470314068433e-01       7.097107531023e+02 
       3.502428518547e-01       6.954882498641e+02 
       3.534542973535e-01       6.818392764395e+02 
       3.566657433265e-01       6.688316877941e+02 
       3.598771897610e-01       6.564961778478e+02 
       3.630886366446e-01       6.448245857265e+02 
       3.663000839656e-01       6.337730715311e+02 
       3.695115317124e-01       6.232668574629e+02 
       3.727229798740e-01       6.132107719394e+02 
       3.759344284397e-01       6.035053099389e+02 
       3.791458773992e-01       5.940531672819e+02 
       3.823573267426e-01       5.847775172106e+02 
       3.855687764602e-01       5.756152077267e+02 
       3.887802265427e-01       5.665203926864e+02 
       3.919916769811e-01       5.574617648184e+02 
       3.952031277667e-01       5.484258959341e+02 
       3.984145788910e-01       5.394203452845e+02 
       4.016260303459e-01       5.304620637179e+02 
       4.048374821236e-01       5.215846145295e+02 
       4.080489342163e-01       5.128290749851e+02 
       4.112603866166e-01       5.042410418112e+02 
       4.144718393174e-01       4.958562219116e+02 
       4.176832923117e-01       4.877040329916e+02 
       4.208947455927e-01       4.798018482727e+02 
       4.241061991540e-01       4.721568593930e+02 
       4.273176529892e-01       4.647692567906e+02 
       4.305291070920e-01       4.576343673682e+02 
       4.337405614567e-01       4.507377587418e+02 
       4.369520160773e-01       4.440651609331e+02 
       4.401634709483e-01       4.375946323060e+02 
       4.433749260641e-01       4.312979780881e+02 
       4.465863814196e-01       4.251439282872e+02 
       4.497978370094e-01       4.191058344198e+02 
       4.530092928287e-01       4.131590375444e+02 
       4.562207488726e-01       4.072876675708e+02 
       4.594322051363e-01       4.014816430577e+02 
       4.626436616152e-01       3.957395277470e+02 
       4.658551183050e-01       3.900583568471e+02 
       4.690665752012e-01       3.844450614309e+02 
       4.722780322995e-01       3.789051737065e+02 
       4.754894895960e-01       3.734446160688e+02 
       4.787009470866e-01       3.680757752210e+02 
       4.819124047674e-01       3.628105595566e+02 
       4.851238626346e-01       3.576612197441e+02 
       4.883353206846e-01       3.526367060462e+02 
       4.915467789137e-01       3.477439151819e+02 
       4.947582373184e-01       3.429820567731e+02 
       4.979696958953e-01       3.383447756768e+02 
       5.011811546412e-01       3.338237577023e+02 
       5.043926135527e-01       3.294098277339e+02 
       5.076040726267e-01       3.250929886436e+02 
       5.108155318602e-01       3.208645775473e+02 
       5.140269912501e-01       3.167157432668e+02 
       5.172384507935e-01       3.126398495111e+02 
       5.204499104876e-01       3.086252894702e+02 
       5.236613703296e-01       3.046683906673e+02 
       5.268728303167e-01       3.007613962224e+02 
       5.499198129442e-01       2.743495262779e+02 
       5.753043391682e-01       2.490308979114e+02 
       6.036694944768e-01       2.245563242325e+02 
       6.359708613817e-01       2.004563548277e+02 
       6.737040201516e-01       1.767555182887e+02 
       7.193646356714e-01       1.529733720238e+02 
       7.774556075236e-01       1.287384312164e+02 
       8.568474941360e-01       1.035126104928e+02 
       9.761363383467e-01       7.700069737949e+01 
       1.169355385187e+00       5.078519983504e+01 
       1.459443345917e+00       3.019949533234e+01 
       1.836764810080e+00       1.744092896353e+01 
       2.312344552115e+00       9.976269231159e+00 
       2.911069308807e+00       5.660749751584e+00 
       3.664819128350e+00       3.188746386368e+00 
       4.613733930309e+00       1.784386369707e+00 
       5.808346888123e+00       9.925387872454e-01 
       7.312275497974e+00       5.490400926956e-01 
       9.205609442439e+00       3.021786292585e-01 
       1.158917565814e+01       1.655366907156e-01 
       1.458990773778e+01       9.029200054918e-02 
       1.836760560682e+01       4.905145534015e-02 
       2.312344545224e+01       2.654620616583e-02 
       2.911069308806e+01       1.431457694896e-02 
       3.664819128350e+01       7.691476303648e-03 
