# Matter power spectrum P(k) at redshift z=0
# for k=1.05166e-05 to 37.7548 h/Mpc,
# number of wavenumbers equal to 555
#    1:k (h/Mpc)              2:P (Mpc/h)^3        
       1.051656959383e-05       4.660747844758e+01 
       2.336705716903e-05       1.007439190517e+02 
       3.626276566198e-05       1.539866180485e+02 
       4.923822847814e-05       2.068852848919e+02 
       6.232854966062e-05       2.597564480505e+02 
       7.556971543015e-05       3.128393125580e+02 
       8.899891566988e-05       3.663396513273e+02 
       1.026548796112e-04       4.204478534525e+02 
       1.165782300096e-04       4.753482171667e+02 
       1.308118601321e-04       5.312246009395e+02 
       1.454013378864e-04       5.882643750707e+02 
       1.603953413620e-04       6.466615078209e+02 
       1.758461298822e-04       7.066192226179e+02 
       1.918100543065e-04       7.683524277685e+02 
       2.083481096796e-04       8.320900536522e+02 
       2.255265322790e-04       8.980773827681e+02 
       2.434174414882e-04       9.665783669499e+02 
       2.620995245156e-04       1.037878000508e+03 
       2.816587585225e-04       1.112284665533e+03 
       3.021891598918e-04       1.190132482419e+03 
       3.237935437961e-04       1.271783525115e+03 
       3.465842685179e-04       1.357629860969e+03 
       3.706839277559e-04       1.448095195566e+03 
       3.962259401747e-04       1.543635998716e+03 
       4.233549687180e-04       1.644741768052e+03 
       4.522270832152e-04       1.751934178464e+03 
       4.830095598370e-04       1.865764671897e+03 
       5.158801924488e-04       1.986810099173e+03 
       5.510259778056e-04       2.115665908659e+03 
       5.886410344876e-04       2.252936455138e+03 
       6.289236316587e-04       2.399222126530e+03 
       6.720722459251e-04       2.555103072290e+03 
       7.182806392167e-04       2.721119744153e+03 
       7.677320598124e-04       2.897750810798e+03 
       8.205928064159e-04       3.085389551386e+03 
       8.770055445343e-04       3.284320239161e+03 
       9.370828967404e-04       3.494696660105e+03 
       1.000901907901e-03       3.716524865417e+03 
       1.068499979639e-03       3.949652198229e+03 
       1.139872756832e-03       4.193764459608e+03 
       1.214974240500e-03       4.448391565456e+03 
       1.293719132354e-03       4.712921814907e+03 
       1.375987142975e-03       4.986582402201e+03 
       1.461628776598e-03       5.268580975930e+03 
       1.550471982543e-03       5.558028589798e+03 
       1.642329049546e-03       5.853996464671e+03 
       1.737003199034e-03       6.155545555807e+03 
       1.834294472687e-03       6.461749145962e+03 
       1.934004669485e-03       6.771711437181e+03 
       2.035941235701e-03       7.084581590608e+03 
       2.139920128297e-03       7.399563066083e+03 
       2.245767750772e-03       7.715920333373e+03 
       2.353322103132e-03       8.032980348610e+03 
       2.462433301702e-03       8.350133655351e+03 
       2.572963618949e-03       8.666832939037e+03 
       2.684787176607e-03       8.982588283733e+03 
       2.797789403358e-03       9.296965971286e+03 
       2.911866345595e-03       9.609581920657e+03 
       3.026923898771e-03       9.920098970776e+03 
       3.142877008778e-03       1.022822245912e+04 
       3.259648878144e-03       1.053369390736e+04 
       3.377170200299e-03       1.083629096296e+04 
       3.495378436475e-03       1.113581830541e+04 
       3.614217143445e-03       1.143211013639e+04 
       3.733635355754e-03       1.172502377968e+04 
       3.853587022988e-03       1.201443753268e+04 
       3.974030500588e-03       1.230024935529e+04 
       4.094928091414e-03       1.258237214257e+04 
       4.216245634564e-03       1.286073671888e+04 
       4.337952137602e-03       1.313528225879e+04 
       4.460019448250e-03       1.340596535489e+04 
       4.582421961729e-03       1.367274690033e+04 
       4.705136360078e-03       1.393560128671e+04 
       4.828141380074e-03       1.419450256740e+04 
       4.951417606619e-03       1.444943396883e+04 
       5.074947288778e-03       1.470041835985e+04 
       5.198714175914e-03       1.494742735552e+04 
       5.322703371634e-03       1.519047791475e+04 
       5.446901203526e-03       1.542956701540e+04 
       5.571295106872e-03       1.566470942265e+04 
       5.695873520734e-03       1.589591910506e+04 
       5.820625795015e-03       1.612320755216e+04 
       5.945542107239e-03       1.634659873469e+04 
       6.070613387939e-03       1.656611663721e+04 
       6.195831253702e-03       1.678177978082e+04 
       6.321187947001e-03       1.699361318156e+04 
       6.446676282066e-03       1.720164814189e+04 
       6.572289596124e-03       1.740590051182e+04 
       6.698021705425e-03       1.760641177953e+04 
       6.823866865539e-03       1.780321170974e+04 
       6.949819735451e-03       1.799632718436e+04 
       7.075875345070e-03       1.818578410753e+04 
       7.202029065780e-03       1.837162684233e+04 
       7.328276583716e-03       1.855387029007e+04 
       7.454613875496e-03       1.873255994077e+04 
       7.581037186138e-03       1.890773371563e+04 
       7.707543008964e-03       1.907941781735e+04 
       7.834128067275e-03       1.924764948802e+04 
       7.960789297631e-03       1.941245441296e+04 
       8.087523834578e-03       1.957387788253e+04 
       8.214328996682e-03       1.973194120909e+04 
       8.341202273735e-03       1.988669176644e+04 
       8.468141315046e-03       2.003815355376e+04 
       8.595143918691e-03       2.018636841536e+04 
       8.722208021644e-03       2.033136886520e+04 
       8.849331690708e-03       2.047318458888e+04 
       8.976513114180e-03       2.061185214270e+04 
       9.103750594166e-03       2.074740413433e+04 
       9.231042539507e-03       2.087987537631e+04 
       9.358387459257e-03       2.100929702538e+04 
       9.485783956661e-03       2.113569927202e+04 
       9.613230723592e-03       2.125911902744e+04 
       9.740726535412e-03       2.137958860844e+04 
       9.868270246219e-03       2.149713395688e+04 
       9.995860784444e-03       2.161179252414e+04 
       1.012349714878e-02       2.172358916916e+04 
       1.025117840440e-02       2.183256012441e+04 
       1.037890367947e-02       2.193874151590e+04 
       1.050667216188e-02       2.204215815012e+04 
       1.063448309624e-02       2.214282264204e+04 
       1.076233578109e-02       2.224081442383e+04 
       1.089022956628e-02       2.233610993962e+04 
       1.101816385057e-02       2.242876207125e+04 
       1.114613807939e-02       2.251879340302e+04 
       1.127415174271e-02       2.260625282411e+04 
       1.140220437316e-02       2.269116939143e+04 
       1.153029554416e-02       2.277353298028e+04 
       1.165842486830e-02       2.285342089732e+04 
       1.178659199573e-02       2.293084051162e+04 
       1.191479661272e-02       2.300581105969e+04 
       1.204303844032e-02       2.307837357877e+04 
       1.217131723309e-02       2.314855751797e+04 
       1.229963277793e-02       2.321639421808e+04 
       1.242798489299e-02       2.328187841411e+04 
       1.255637342668e-02       2.334508510303e+04 
       1.268479825672e-02       2.340600538220e+04 
       1.281325928925e-02       2.346468796033e+04 
       1.294175645807e-02       2.352114945259e+04 
       1.307028972387e-02       2.357542050461e+04 
       1.319885907351e-02       2.362752055631e+04 
       1.332746451944e-02       2.367749978588e+04 
       1.345610609910e-02       2.372535536347e+04 
       1.358478387434e-02       2.377112655602e+04 
       1.371349793097e-02       2.381482988446e+04 
       1.384224837829e-02       2.385649348024e+04 
       1.397103534868e-02       2.389614569806e+04 
       1.409985899722e-02       2.393380585009e+04 
       1.422871950137e-02       2.396950209102e+04 
       1.435761706062e-02       2.400324896916e+04 
       1.448655189627e-02       2.403507286832e+04 
       1.461552425118e-02       2.406501564576e+04 
       1.474453438952e-02       2.409308958687e+04 
       1.487358259662e-02       2.411930770182e+04 
       1.500266917882e-02       2.414369721415e+04 
       1.513179446331e-02       2.416628477898e+04 
       1.526095879805e-02       2.418709908287e+04 
       1.539016255168e-02       2.420614993723e+04 
       1.551940611347e-02       2.422346478618e+04 
       1.564868989326e-02       2.423906116796e+04 
       1.577801432149e-02       2.425297591678e+04 
       1.590737984916e-02       2.426521352242e+04 
       1.603678694791e-02       2.427580242322e+04 
       1.616623611002e-02       2.428475887191e+04 
       1.629572784850e-02       2.429211976440e+04 
       1.642526269719e-02       2.429788935179e+04 
       1.655484121083e-02       2.430207342582e+04 
       1.668446396523e-02       2.430474547626e+04 
       1.681413155736e-02       2.430587006861e+04 
       1.694384460556e-02       2.430551123202e+04 
       1.707360374967e-02       2.430364754481e+04 
       1.720340965128e-02       2.430030967376e+04 
       1.733326299387e-02       2.429559132476e+04 
       1.746316448310e-02       2.428943210944e+04 
       1.759311484702e-02       2.428184116150e+04 
       1.772311483635e-02       2.427275925127e+04 
       1.785316522475e-02       2.426249821536e+04 
       1.798326680910e-02       2.425085100593e+04 
       1.811342040984e-02       2.423784318063e+04 
       1.824362687127e-02       2.422350836193e+04 
       1.837388706192e-02       2.420787587359e+04 
       1.850420187490e-02       2.419103240633e+04 
       1.863457222826e-02       2.417283963763e+04 
       1.876499906542e-02       2.415350139868e+04 
       1.889548335555e-02       2.413289393599e+04 
       1.902602609402e-02       2.411122815688e+04 
       1.915662830284e-02       2.408819240026e+04 
       1.928729103112e-02       2.406404824684e+04 
       1.941801535556e-02       2.403880312571e+04 
       1.954880238095e-02       2.401242040972e+04 
       1.967965324068e-02       2.398496952027e+04 
       1.981056909731e-02       2.395636302605e+04 
       1.994155114307e-02       2.392674110628e+04 
       2.007260060050e-02       2.389616541175e+04 
       2.020371872300e-02       2.386446424376e+04 
       2.033490679546e-02       2.383163653886e+04 
       2.046616613493e-02       2.379794386181e+04 
       2.059749809123e-02       2.376329454882e+04 
       2.072890404766e-02       2.372752830642e+04 
       2.086038542170e-02       2.369080687710e+04 
       2.099194366574e-02       2.365328755127e+04 
       2.112358026782e-02       2.361473690992e+04 
       2.125529675240e-02       2.357538145154e+04 
       2.138709468119e-02       2.353497715827e+04 
       2.151897565392e-02       2.349394857945e+04 
       2.165094130926e-02       2.345187622175e+04 
       2.178299332562e-02       2.340911280704e+04 
       2.191513342212e-02       2.336532480530e+04 
       2.204736335949e-02       2.332081441227e+04 
       2.217968494103e-02       2.327546913089e+04 
       2.231210001362e-02       2.322949685515e+04 
       2.244461046873e-02       2.318253237848e+04 
       2.257721824347e-02       2.313497906494e+04 
       2.270992532171e-02       2.308664436891e+04 
       2.284273373515e-02       2.303761782358e+04 
       2.297564556453e-02       2.298790962255e+04 
       2.310866294080e-02       2.293737828560e+04 
       2.324178804634e-02       2.288632235194e+04 
       2.337502311625e-02       2.283447382241e+04 
       2.350837043965e-02       2.278200095234e+04 
       2.364183236103e-02       2.272890472883e+04 
       2.377541128166e-02       2.267525910049e+04 
       2.390910966100e-02       2.262091095067e+04 
       2.404293001824e-02       2.256600682782e+04 
       2.417687493375e-02       2.251052320704e+04 
       2.431094705074e-02       2.245437922845e+04 
       2.444514907685e-02       2.239777822879e+04 
       2.457948378584e-02       2.234052779450e+04 
       2.471395401936e-02       2.228288607184e+04 
       2.484856268870e-02       2.222458195362e+04 
       2.498331277669e-02       2.216586380875e+04 
       2.511820733960e-02       2.210662153293e+04 
       2.525324950913e-02       2.204682317800e+04 
       2.538844249444e-02       2.198662669684e+04 
       2.552378958430e-02       2.192586272011e+04 
       2.565929414925e-02       2.186479877916e+04 
       2.579495964388e-02       2.180317668550e+04 
       2.593078960915e-02       2.174122454240e+04 
       2.606678767485e-02       2.167886258929e+04 
       2.620295756206e-02       2.161596745348e+04 
       2.633930308579e-02       2.155276285115e+04 
       2.647582815761e-02       2.148918255088e+04 
       2.661253678846e-02       2.142518851810e+04 
       2.674943309154e-02       2.136087014271e+04 
       2.688652128523e-02       2.129615001446e+04 
       2.702380569626e-02       2.123107962888e+04 
       2.716129076281e-02       2.116573172714e+04 
       2.729898103791e-02       2.110005608666e+04 
       2.743688119283e-02       2.103403301161e+04 
       2.757499602064e-02       2.096774233617e+04 
       2.771333043992e-02       2.090114124565e+04 
       2.785188949857e-02       2.083422832877e+04 
       2.799067837783e-02       2.076708861253e+04 
       2.812970239635e-02       2.069964334696e+04 
       2.826896701453e-02       2.063196433723e+04 
       2.840847783891e-02       2.056409859640e+04 
       2.854824062688e-02       2.049590101326e+04 
       2.868826129138e-02       2.042747923152e+04 
       2.882854590598e-02       2.035890677337e+04 
       2.896910071004e-02       2.029006670096e+04 
       2.910993211411e-02       2.022104131488e+04 
       2.925104670553e-02       2.015181013445e+04 
       2.939245125432e-02       2.008239169455e+04 
       2.953415271925e-02       2.001278680076e+04 
       2.967615825417e-02       1.994296399769e+04 
       2.981847521462e-02       1.987308109787e+04 
       2.996111116472e-02       1.980296711913e+04 
       3.010407388433e-02       1.973273697837e+04 
       3.024737137655e-02       1.966228836530e+04 
       3.039101187552e-02       1.959175693026e+04 
       3.053500385455e-02       1.952108403383e+04 
       3.067935603465e-02       1.945030220669e+04 
       3.082407739338e-02       1.937943228547e+04 
       3.096917717414e-02       1.930837822861e+04 
       3.111466489589e-02       1.923720899914e+04 
       3.126055036323e-02       1.916595951475e+04 
       3.140684367706e-02       1.909467517967e+04 
       3.155355524565e-02       1.902324633652e+04 
       3.170069579622e-02       1.895175028958e+04 
       3.184827638718e-02       1.888019026388e+04 
       3.199630842081e-02       1.880849568110e+04 
       3.214480365662e-02       1.873677933551e+04 
       3.229377422538e-02       1.866506704017e+04 
       3.244323264383e-02       1.859318570000e+04 
       3.259319183002e-02       1.852122768434e+04 
       3.274366511959e-02       1.844932798281e+04 
       3.289466628276e-02       1.837734749217e+04 
       3.304620954218e-02       1.830535135891e+04 
       3.319830959176e-02       1.823321406157e+04 
       3.335098161646e-02       1.816114940164e+04 
       3.350424131310e-02       1.808901600694e+04 
       3.365810491232e-02       1.801690213409e+04 
       3.381258920166e-02       1.794470544947e+04 
       3.396771154998e-02       1.787257812319e+04 
       3.412348993314e-02       1.780033735970e+04 
       3.427994296114e-02       1.772809760353e+04 
       3.443708990682e-02       1.765584291185e+04 
       3.459495073613e-02       1.758366866275e+04 
       3.475354614018e-02       1.751146153428e+04 
       3.491289756911e-02       1.743918951217e+04 
       3.507302726804e-02       1.736697359043e+04 
       3.523395831503e-02       1.729474607910e+04 
       3.539571466144e-02       1.722255103056e+04 
       3.555832117466e-02       1.715031230375e+04 
       3.572180368355e-02       1.707809285300e+04 
       3.588618902663e-02       1.700585674711e+04 
       3.605150510341e-02       1.693363456326e+04 
       3.621778092888e-02       1.686144376063e+04 
       3.638504669164e-02       1.678927924851e+04 
       3.655333381577e-02       1.671713418333e+04 
       3.672267502682e-02       1.664500575960e+04 
       3.689310442226e-02       1.657281318360e+04 
       3.706465754669e-02       1.650067876154e+04 
       3.723737147228e-02       1.642854830599e+04 
       3.741128488480e-02       1.635642058284e+04 
       3.758643817578e-02       1.628432166376e+04 
       3.776287354128e-02       1.621225696905e+04 
       3.794063508786e-02       1.614011960919e+04 
       3.811976894639e-02       1.606804118974e+04 
       3.830032339437e-02       1.599595181911e+04 
       3.848234898762e-02       1.592384189361e+04 
       3.866589870203e-02       1.585174668797e+04 
       3.885102808653e-02       1.577967160302e+04 
       3.903779542815e-02       1.570755537980e+04 
       3.922626193045e-02       1.563546634184e+04 
       3.941649190652e-02       1.556338092595e+04 
       3.960855298820e-02       1.549124650341e+04 
       3.980251635284e-02       1.541906576520e+04 
       3.999845696968e-02       1.534689190507e+04 
       4.019645386776e-02       1.527464367847e+04 
       4.039659042760e-02       1.520240713458e+04 
       4.059895469935e-02       1.513009470210e+04 
       4.080363975009e-02       1.505774738476e+04 
       4.101074404374e-02       1.498532385800e+04 
       4.122037185714e-02       1.491290992392e+04 
       4.143263373646e-02       1.484027918342e+04 
       4.164764699875e-02       1.476770173287e+04 
       4.186553628393e-02       1.469500485771e+04 
       4.208643416344e-02       1.462216575652e+04 
       4.231048181245e-02       1.454923750864e+04 
       4.253782975385e-02       1.447619624801e+04 
       4.276863868300e-02       1.440301614541e+04 
       4.300308038417e-02       1.432975059455e+04 
       4.324133875065e-02       1.425625145326e+04 
       4.348361092290e-02       1.418258691582e+04 
       4.373010856121e-02       1.410875791705e+04 
       4.398105927200e-02       1.403473206813e+04 
       4.423670821018e-02       1.396049842667e+04 
       4.449731988379e-02       1.388600212393e+04 
       4.476318019181e-02       1.381130981498e+04 
       4.503459873136e-02       1.373625935832e+04 
       4.531191141730e-02       1.366090993423e+04 
       4.559548346517e-02       1.358525525147e+04 
       4.588571279836e-02       1.350923306238e+04 
       4.618303395180e-02       1.343279837311e+04 
       4.648792255970e-02       1.335596262039e+04 
       4.680090053199e-02       1.327870994750e+04 
       4.712254204670e-02       1.320091601708e+04 
       4.745348051257e-02       1.312260626700e+04 
       4.779441669011e-02       1.304368328817e+04 
       4.814612820188e-02       1.296411733144e+04 
       4.850948071581e-02       1.288390467075e+04 
       4.888544115263e-02       1.280288129192e+04 
       4.927509335284e-02       1.272107909430e+04 
       4.967965674626e-02       1.263832934896e+04 
       5.010050870377e-02       1.255455986628e+04 
       5.053921142466e-02       1.246973561622e+04 
       5.099754443503e-02       1.238364998191e+04 
       5.147754405492e-02       1.229620443507e+04 
       5.198155155014e-02       1.220722015297e+04 
       5.251227213552e-02       1.211654166578e+04 
       5.307284755465e-02       1.202392996163e+04 
       5.366694563480e-02       1.192908048999e+04 
       5.429887099019e-02       1.183170929261e+04 
       5.497370185356e-02       1.173140711965e+04 
       5.569745867499e-02       1.162766824734e+04 
       5.647731022408e-02       1.151984572626e+04 
       5.732182159768e-02       1.140713833471e+04 
       5.824124403923e-02       1.128851843093e+04 
       5.924783555461e-02       1.116259192142e+04 
       6.035617820242e-02       1.102753847254e+04 
       6.158341353849e-02       1.088082712401e+04 
       6.294924054621e-02       1.071931600334e+04 
       6.447540469804e-02       1.053863730325e+04 
       6.618427813738e-02       1.033334754030e+04 
       6.809609952312e-02       1.009677649481e+04 
       7.022475212911e-02       9.821921046978e+03 
       7.257287581166e-02       9.502632751752e+03 
       7.512841099945e-02       9.135964898985e+03 
       7.786509977725e-02       8.724354853906e+03 
       8.074763774475e-02       8.276836371693e+03 
       8.373907499046e-02       7.808116568988e+03 
       8.680686305496e-02       7.336039040396e+03 
       8.992567234383e-02       6.878605828684e+03 
       9.307743476836e-02       6.451317032180e+03 
       9.624999962693e-02       6.065666291087e+03 
       9.943550463831e-02       5.728465251746e+03 
       1.026289858178e-01       5.441849881261e+03 
       1.058273567943e-01       5.203830140640e+03 
       1.090287166462e-01       5.009351652397e+03 
       1.122319012608e-01       4.850845450881e+03 
       1.154362001495e-01       4.719322676194e+03 
       1.186411805006e-01       4.605210458169e+03 
       1.218465788897e-01       4.499175276277e+03 
       1.250522350121e-01       4.393015310720e+03 
       1.282580512678e-01       4.280234482396e+03 
       1.314639681649e-01       4.156603530617e+03 
       1.346699493674e-01       4.020367454049e+03 
       1.378759726125e-01       3.872132776854e+03 
       1.410820241954e-01       3.714498620810e+03 
       1.442880956198e-01       3.551492488949e+03 
       1.474941815648e-01       3.387894425114e+03 
       1.507002786488e-01       3.228572792292e+03 
       1.539063846796e-01       3.077927773046e+03 
       1.571124981971e-01       2.939466030681e+03 
       1.603186181956e-01       2.815542250005e+03 
       1.635247439543e-01       2.707264419423e+03 
       1.667308749330e-01       2.614541670033e+03 
       1.699370107092e-01       2.536215364827e+03 
       1.731431509382e-01       2.470281180090e+03 
       1.763492953288e-01       2.414145214601e+03 
       1.795554436280e-01       2.364893451971e+03 
       1.827615956114e-01       2.319843405809e+03 
       1.859677510764e-01       2.276303555996e+03 
       1.891739098382e-01       2.231469269819e+03 
       1.923800717268e-01       2.183533898201e+03 
       1.955862365848e-01       2.131442573662e+03 
       1.987924042660e-01       2.074943471498e+03 
       2.019985746341e-01       2.014517276756e+03 
       2.052047475615e-01       1.951222959314e+03 
       2.084109229291e-01       1.886503169490e+03 
       2.116171006247e-01       1.821912962833e+03 
       2.148232805433e-01       1.758974459186e+03 
       2.180294625861e-01       1.699005580148e+03 
       2.212356466600e-01       1.643038256083e+03 
       2.244418326773e-01       1.591783381097e+03 
       2.276480205553e-01       1.545608695912e+03 
       2.308542102159e-01       1.504533505066e+03 
       2.340604015855e-01       1.468255960194e+03 
       2.372665945941e-01       1.436191710974e+03 
       2.404727891759e-01       1.407538785279e+03 
       2.436789852683e-01       1.381364702661e+03 
       2.468851828121e-01       1.356714556190e+03 
       2.500913817511e-01       1.332689218379e+03 
       2.532975820320e-01       1.308535820054e+03 
       2.565037836042e-01       1.283690009582e+03 
       2.597099864195e-01       1.257806056144e+03 
       2.629161904323e-01       1.230743154267e+03 
       2.661223955989e-01       1.202574759502e+03 
       2.693286018780e-01       1.173531862164e+03 
       2.725348092299e-01       1.144000399490e+03 
       2.757410176172e-01       1.114450115499e+03 
       2.789472270038e-01       1.085391965781e+03 
       2.821534373555e-01       1.057300583456e+03 
       2.853596486396e-01       1.030583393752e+03 
       2.885658608249e-01       1.005523943711e+03 
       2.917720738815e-01       9.822686780773e+02 
       2.949782877808e-01       9.608359484884e+02 
       2.981845024955e-01       9.411281533744e+02 
       3.013907179994e-01       9.229645727348e+02 
       3.045969342675e-01       9.061036186194e+02 
       3.078031512758e-01       8.902637378223e+02 
       3.110093690012e-01       8.751525578877e+02 
       3.142155874217e-01       8.604822151157e+02 
       3.174218065162e-01       8.459925906633e+02 
       3.206280262643e-01       8.314715465486e+02 
       3.238342466465e-01       8.167756111996e+02 
       3.270404676440e-01       8.018356049966e+02 
       3.302466892389e-01       7.866573673578e+02 
       3.334529114139e-01       7.713087029744e+02 
       3.366591341522e-01       7.559017925153e+02 
       3.398653574379e-01       7.405694079716e+02 
       3.430715812556e-01       7.254563253056e+02 
       3.462778055903e-01       7.106937887228e+02 
       3.494840304279e-01       6.964060802507e+02 
       3.526902557545e-01       6.826911321697e+02 
       3.558964815569e-01       6.696179759108e+02 
       3.591027078222e-01       6.572219391293e+02 
       3.623089345382e-01       6.454969688518e+02 
       3.655151616928e-01       6.343997220867e+02 
       3.687213892747e-01       6.238561669313e+02 
       3.719276172727e-01       6.137725137794e+02 
       3.751338456761e-01       6.040454305631e+02 
       3.783400744745e-01       5.945825958173e+02 
       3.815463036580e-01       5.852968424063e+02 
       3.847525332168e-01       5.761277549158e+02 
       3.879587631418e-01       5.670258399098e+02 
       3.911649934237e-01       5.579609084974e+02 
       3.943712240538e-01       5.489190113566e+02 
       3.975774550238e-01       5.399016996755e+02 
       4.007836863254e-01       5.309294812995e+02 
       4.039899179506e-01       5.220347798374e+02 
       4.071961498919e-01       5.132594167213e+02 
       4.104023821418e-01       5.046480904685e+02 
       4.136086146930e-01       4.962392395013e+02 
       4.168148475386e-01       4.880620338827e+02 
       4.200210806718e-01       4.801350602511e+02 
       4.232273140861e-01       4.724664882516e+02 
       4.264335477751e-01       4.650567295492e+02 
       4.296397817326e-01       4.579001506963e+02 
       4.328460159527e-01       4.509862448072e+02 
       4.360522504295e-01       4.442986605535e+02 
       4.392584851573e-01       4.378150864797e+02 
       4.424647201308e-01       4.315066548804e+02 
       4.456709553445e-01       4.253450329479e+02 
       4.488771907934e-01       4.193005032074e+02 
       4.520834264723e-01       4.133484309863e+02 
       4.552896623765e-01       4.074714648632e+02 
       4.584958985011e-01       4.016598406763e+02 
       4.617021348416e-01       3.959107337446e+02 
       4.649083713935e-01       3.902243872181e+02 
       4.681146081525e-01       3.846037592845e+02 
       4.713208451142e-01       3.790549177431e+02 
       4.745270822746e-01       3.735852673745e+02 
       4.777333196296e-01       3.682063519304e+02 
       4.809395571754e-01       3.629303706301e+02 
       4.841457949081e-01       3.577702898264e+02 
       4.873520328241e-01       3.527361680270e+02 
       4.905582709197e-01       3.478333110097e+02 
       4.937645091914e-01       3.430610747301e+02 
       4.969707476358e-01       3.384160877222e+02 
       5.001769862496e-01       3.338874014742e+02 
       5.033832250295e-01       3.294665349767e+02 
       5.065894639724e-01       3.251435597555e+02 
       5.097957030752e-01       3.209096416323e+02 
       5.130019423348e-01       3.167561310976e+02 
       5.162081817484e-01       3.126755499770e+02 
       5.194144213131e-01       3.086578501762e+02 
       5.226206610260e-01       3.046972875176e+02 
       5.258269008846e-01       3.007874119580e+02 
       5.290331408860e-01       2.969270324721e+02 
       5.523308170561e-01       2.706114215296e+02 
       5.780364936242e-01       2.454579529945e+02 
       6.068260074954e-01       2.210332829587e+02 
       6.397101089738e-01       1.970150009770e+02 
       6.782833641575e-01       1.733269546954e+02 
       7.252328470139e-01       1.495290548358e+02 
       7.854637109605e-01       1.252016929905e+02 
       8.687515250190e-01       9.982035066888e+01 
       9.955965386076e-01       7.320461182951e+01 
       1.201355704146e+00       4.742219910143e+01 
       1.503306533991e+00       2.798350352284e+01 
       1.892222720457e+00       1.613181823911e+01 
       2.382164782777e+00       9.214872311208e+00 
       2.998967777032e+00       5.222354811288e+00 
       3.775476743657e+00       2.938504028309e+00 
       4.753043614228e+00       1.642696086554e+00 
       5.983727389317e+00       9.128730793970e-01 
       7.533066467660e+00       5.045453384800e-01 
       9.483568804872e+00       2.774743598285e-01 
       1.193910576295e+01       1.518938980378e-01 
       1.503044363908e+01       8.279497462830e-02 
       1.892220744778e+01       4.495053120785e-02 
       2.382164780325e+01       2.431236772689e-02 
       2.998967777032e+01       1.310253383278e-02 
       3.775476743657e+01       7.036267756878e-03 
