# Matter power spectrum P(k) at redshift z=0
# for k=1.05078e-05 to 36.5153 h/Mpc,
# number of wavenumbers equal to 554
#    1:k (h/Mpc)              2:P (Mpc/h)^3        
       1.050775643281e-05       4.756689280248e+01 
       2.335822474937e-05       1.028635248180e+02 
       3.625389040499e-05       1.572469242520e+02 
       4.922928651888e-05       2.112790141397e+02 
       6.231951663650e-05       2.652833155208e+02 
       7.556056626414e-05       3.195043330050e+02 
       8.898962434547e-05       3.741524133915e+02 
       1.026454189362e-04       4.294222013264e+02 
       1.165685713654e-04       4.855021388848e+02 
       1.308019732065e-04       5.425802417027e+02 
       1.453911903857e-04       6.008481461107e+02 
       1.603848987003e-04       6.605042620174e+02 
       1.758353548451e-04       7.217565032008e+02 
       1.917989066864e-04       7.848247691307e+02 
       2.083365458814e-04       8.499433617070e+02 
       2.255145048950e-04       9.173633557429e+02 
       2.434048988421e-04       9.873550008033e+02 
       2.620864101790e-04       1.060210152504e+03 
       2.816450108084e-04       1.136244699704e+03 
       3.021747113342e-04       1.215800983582e+03 
       3.237783206306e-04       1.299250100192e+03 
       3.465681901835e-04       1.386994003650e+03 
       3.706669064485e-04       1.479467242340e+03 
       3.962078804917e-04       1.577138128967e+03 
       4.233357674478e-04       1.680509069358e+03 
       4.522066293369e-04       1.790115719249e+03 
       4.829877348098e-04       1.906524565624e+03 
       5.158568708836e-04       2.030328486740e+03 
       5.510010286148e-04       2.162139789326e+03 
       5.886143226059e-04       2.302580281372e+03 
       6.288950204107e-04       2.452268019200e+03 
       6.720416000720e-04       2.611800558456e+03 
       7.182478286549e-04       2.781734863698e+03 
       7.676969638083e-04       2.962564444348e+03 
       8.205553181619e-04       3.154694928530e+03 
       8.769655757080e-04       3.358419586163e+03 
       9.370403816752e-04       3.573897012175e+03 
       1.000856806946e-03       3.801133265796e+03 
       1.068452281323e-03       4.039970608052e+03 
       1.139822478573e-03       4.290084615103e+03 
       1.214921427739e-03       4.550990232032e+03 
       1.293663856233e-03       4.822056850374e+03 
       1.375929496806e-03       5.102488729310e+03 
       1.461568871522e-03       5.391470100741e+03 
       1.550409942814e-03       5.688086873272e+03 
       1.642265007844e-03       5.991384767623e+03 
       1.736937292145e-03       6.300399446496e+03 
       1.834226837770e-03       6.614179794960e+03 
       1.933935441037e-03       6.931806779144e+03 
       2.035870543248e-03       7.252407792548e+03 
       2.139848094759e-03       7.575166188510e+03 
       2.245694491425e-03       7.899328069809e+03 
       2.353247725050e-03       8.224203811008e+03 
       2.462357903579e-03       8.549168982353e+03 
       2.572887291211e-03       8.873663158520e+03 
       2.684710001709e-03       9.197184353111e+03 
       2.797711456217e-03       9.519288761739e+03 
       2.911787694099e-03       9.839583110815e+03 
       3.026844604320e-03       1.015772228920e+04 
       3.142797126833e-03       1.047340478271e+04 
       3.259568458766e-03       1.078636606470e+04 
       3.377089288660e-03       1.109637869954e+04 
       3.495297073339e-03       1.140324287254e+04 
       3.614135365609e-03       1.170678871238e+04 
       3.733553196455e-03       1.200687128979e+04 
       3.853504512271e-03       1.230336527516e+04 
       3.973947665634e-03       1.259616518349e+04 
       4.094844956841e-03       1.288518569812e+04 
       4.216162222696e-03       1.317035384756e+04 
       4.337868468703e-03       1.345160693035e+04 
       4.459935540738e-03       1.372890136221e+04 
       4.582337832368e-03       1.400219722066e+04 
       4.705052024144e-03       1.427146840551e+04 
       4.828056851507e-03       1.453668832482e+04 
       4.951332898154e-03       1.479784057764e+04 
       5.074862412069e-03       1.505494757700e+04 
       5.198629141634e-03       1.530797691596e+04 
       5.322618189575e-03       1.555695990259e+04 
       5.446815882682e-03       1.580187878378e+04 
       5.571209655510e-03       1.604275220463e+04 
       5.695787946468e-03       1.627959795879e+04 
       5.820540104863e-03       1.651242670655e+04 
       5.945456307677e-03       1.674126130848e+04 
       6.070527484949e-03       1.696612787708e+04 
       6.195745252818e-03       1.718704554131e+04 
       6.321101853346e-03       1.740403877668e+04 
       6.446590100388e-03       1.761713884635e+04 
       6.572203330827e-03       1.782636684454e+04 
       6.697935360599e-03       1.803176077020e+04 
       6.823780444985e-03       1.823335143866e+04 
       6.949733242704e-03       1.843116762666e+04 
       7.075788783422e-03       1.862523851746e+04 
       7.201942438296e-03       1.881560264011e+04 
       7.328189893256e-03       1.900228437171e+04 
       7.454527124726e-03       1.918532203068e+04 
       7.580950377549e-03       1.936476077250e+04 
       7.707456144882e-03       1.954062461433e+04 
       7.834041149874e-03       1.971294859406e+04 
       7.960702328945e-03       1.988176515671e+04 
       8.087436816510e-03       2.004711256804e+04 
       8.214241931010e-03       2.020901801145e+04 
       8.341115162128e-03       2.036753189629e+04 
       8.468054159065e-03       2.052268432850e+04 
       8.595056719799e-03       2.067450835154e+04 
       8.722120781210e-03       2.082303568629e+04 
       8.849244410019e-03       2.096830055483e+04 
       8.976425794438e-03       2.111034173869e+04 
       9.103663236498e-03       2.124919029616e+04 
       9.230955144972e-03       2.138488285480e+04 
       9.358300028845e-03       2.151745249298e+04 
       9.485696491300e-03       2.164693109614e+04 
       9.613143224151e-03       2.177335159853e+04 
       9.740639002703e-03       2.189675298286e+04 
       9.868182681002e-03       2.201715588297e+04 
       9.995773187431e-03       2.213460457331e+04 
       1.012340952064e-02       2.224912333919e+04 
       1.025109074575e-02       2.236074616254e+04 
       1.037881599088e-02       2.246950602370e+04 
       1.050658444389e-02       2.257543638270e+04 
       1.063439534935e-02       2.267855694973e+04 
       1.076224800577e-02       2.277891737169e+04 
       1.089014176296e-02       2.287653813882e+04 
       1.101807601964e-02       2.297144400867e+04 
       1.114605022121e-02       2.306367843505e+04 
       1.127406385763e-02       2.315326478108e+04 
       1.140211646147e-02       2.324023285241e+04 
       1.153020760616e-02       2.332461245196e+04 
       1.165833690423e-02       2.340644322747e+04 
       1.178650400581e-02       2.348573617253e+04 
       1.191470859717e-02       2.356253907673e+04 
       1.204295039931e-02       2.363685976758e+04 
       1.217122916678e-02       2.370874998048e+04 
       1.229954468645e-02       2.377823172407e+04 
       1.242789677646e-02       2.384531781751e+04 
       1.255628528520e-02       2.391005737515e+04 
       1.268471009035e-02       2.397246173812e+04 
       1.281317109806e-02       2.403257170297e+04 
       1.294166824209e-02       2.409040519661e+04 
       1.307020148311e-02       2.414600009197e+04 
       1.319877080797e-02       2.419936680982e+04 
       1.332737622912e-02       2.425056415149e+04 
       1.345601778395e-02       2.429958144182e+04 
       1.358469553431e-02       2.434646794338e+04 
       1.371340956600e-02       2.439123491914e+04 
       1.384215998830e-02       2.443391236364e+04 
       1.397094693356e-02       2.447452833728e+04 
       1.409977055686e-02       2.451310500003e+04 
       1.422863103564e-02       2.454967735934e+04 
       1.435752856938e-02       2.458424107462e+04 
       1.448646337936e-02       2.461684488785e+04 
       1.461543570842e-02       2.464751309443e+04 
       1.474444582073e-02       2.467627096609e+04 
       1.487349400159e-02       2.470312922184e+04 
       1.500258055734e-02       2.472811292123e+04 
       1.513170581514e-02       2.475125278265e+04 
       1.526087012295e-02       2.477257377537e+04 
       1.539007384939e-02       2.479209169791e+04 
       1.551931738370e-02       2.480982733171e+04 
       1.564860113574e-02       2.482580615763e+04 
       1.577792553591e-02       2.484006365580e+04 
       1.590729103521e-02       2.485259885515e+04 
       1.603669810525e-02       2.486344900315e+04 
       1.616614723831e-02       2.487262686653e+04 
       1.629563894739e-02       2.488016943901e+04 
       1.642517376629e-02       2.488608070216e+04 
       1.655475224976e-02       2.489038517602e+04 
       1.668437497358e-02       2.489312340731e+04 
       1.681404253472e-02       2.489428899380e+04 
       1.694375555150e-02       2.489391199021e+04 
       1.707351466374e-02       2.489200911919e+04 
       1.720332053302e-02       2.488863745361e+04 
       1.733317384280e-02       2.488377096395e+04 
       1.746307529873e-02       2.487744345423e+04 
       1.759302562884e-02       2.486968168605e+04 
       1.772302558384e-02       2.486047827959e+04 
       1.785307593737e-02       2.484991633615e+04 
       1.798317748630e-02       2.483795535480e+04 
       1.811333105104e-02       2.482464148416e+04 
       1.824353747589e-02       2.480998905171e+04 
       1.837379762935e-02       2.479401337895e+04 
       1.850411240452e-02       2.477673555656e+04 
       1.863448271944e-02       2.475817645021e+04 
       1.876490951749e-02       2.473835555954e+04 
       1.889539376784e-02       2.471731441458e+04 
       1.902593646584e-02       2.469503240652e+04 
       1.915653863347e-02       2.467152334052e+04 
       1.928720131984e-02       2.464683646499e+04 
       1.941792560162e-02       2.462098785918e+04 
       1.954871258358e-02       2.459398760038e+04 
       1.967956339910e-02       2.456586088364e+04 
       1.981047921070e-02       2.453659347299e+04 
       1.994146121061e-02       2.450624855049e+04 
       2.007251062134e-02       2.447482284661e+04 
       2.020362869626e-02       2.444233336755e+04 
       2.033481672025e-02       2.440880808543e+04 
       2.046607601034e-02       2.437422930319e+04 
       2.059740791632e-02       2.433866663394e+04 
       2.072881382147e-02       2.430211206777e+04 
       2.086029514324e-02       2.426456559945e+04 
       2.099185333401e-02       2.422610324445e+04 
       2.112348988178e-02       2.418663674925e+04 
       2.125520631099e-02       2.414627783266e+04 
       2.138700418333e-02       2.410500407009e+04 
       2.151888509850e-02       2.406283023326e+04 
       2.165085069513e-02       2.401980279047e+04 
       2.178290265162e-02       2.397589034053e+04 
       2.191504268706e-02       2.393114899715e+04 
       2.204727256214e-02       2.388558485349e+04 
       2.217959408015e-02       2.383917350784e+04 
       2.231200908791e-02       2.379200709802e+04 
       2.244451947688e-02       2.374402022589e+04 
       2.257712718415e-02       2.369525311495e+04 
       2.270983419352e-02       2.364577765926e+04 
       2.284264253670e-02       2.359553645172e+04 
       2.297555429436e-02       2.354461730293e+04 
       2.310857159744e-02       2.349289301458e+04 
       2.324169662826e-02       2.344056645207e+04 
       2.337493162191e-02       2.338745398102e+04 
       2.350827886745e-02       2.333374031560e+04 
       2.364174070935e-02       2.327938388606e+04 
       2.377531954882e-02       2.322439110184e+04 
       2.390901784531e-02       2.316874827765e+04 
       2.404283811794e-02       2.311249304044e+04 
       2.417678294705e-02       2.305564356041e+04 
       2.431085497580e-02       2.299821484657e+04 
       2.444505691179e-02       2.294018485243e+04 
       2.457939152873e-02       2.288161819017e+04 
       2.471386166823e-02       2.282248434538e+04 
       2.484847024152e-02       2.276280749526e+04 
       2.498322023140e-02       2.270267494371e+04 
       2.511811469407e-02       2.264200348034e+04 
       2.525315676118e-02       2.258076007418e+04 
       2.538834964185e-02       2.251908327571e+04 
       2.552369662478e-02       2.245693934677e+04 
       2.565920108045e-02       2.239430732041e+04 
       2.579486646340e-02       2.233124242450e+04 
       2.593069631454e-02       2.226774567388e+04 
       2.606669426358e-02       2.220381526247e+04 
       2.620286403155e-02       2.213946175784e+04 
       2.633920943338e-02       2.207472334814e+04 
       2.647573438059e-02       2.200954305941e+04 
       2.661244288404e-02       2.194402204595e+04 
       2.674933905685e-02       2.187814889955e+04 
       2.688642711736e-02       2.181190769636e+04 
       2.702371139218e-02       2.174528666807e+04 
       2.716119631945e-02       2.167833808728e+04 
       2.729888645210e-02       2.161106625580e+04 
       2.743678646132e-02       2.154343711712e+04 
       2.757490114010e-02       2.147555961309e+04 
       2.771323540692e-02       2.140731462248e+04 
       2.785179430961e-02       2.133882399176e+04 
       2.799058302930e-02       2.127004685177e+04 
       2.812960688456e-02       2.120095912111e+04 
       2.826887133567e-02       2.113163019187e+04 
       2.840838198909e-02       2.106210601623e+04 
       2.854814460209e-02       2.099228131044e+04 
       2.868816508751e-02       2.092219792907e+04 
       2.882844951881e-02       2.085197594691e+04 
       2.896900413522e-02       2.078146601382e+04 
       2.910983534718e-02       2.071076397983e+04 
       2.925094974191e-02       2.063984538215e+04 
       2.939235408930e-02       2.056871591937e+04 
       2.953405534799e-02       2.049745023883e+04 
       2.967606067169e-02       2.042595261272e+04 
       2.981837741579e-02       2.035436920036e+04 
       2.996101314428e-02       2.028255380521e+04 
       3.010397563686e-02       2.021062226724e+04 
       3.024727289649e-02       2.013846805542e+04 
       3.039091315713e-02       2.006624595428e+04 
       3.053490489193e-02       1.999383455403e+04 
       3.067925682172e-02       1.992135934226e+04 
       3.082397792390e-02       1.984876424027e+04 
       3.096907744167e-02       1.977599207763e+04 
       3.111456489379e-02       1.970310267836e+04 
       3.126045008468e-02       1.963019299423e+04 
       3.140674311502e-02       1.955707920677e+04 
       3.155345439285e-02       1.948391667595e+04 
       3.170059464521e-02       1.941072742702e+04 
       3.184817493024e-02       1.933742009567e+04 
       3.199620664999e-02       1.926400455332e+04 
       3.214470156373e-02       1.919056368681e+04 
       3.229367180196e-02       1.911706857329e+04 
       3.244312988115e-02       1.904345528463e+04 
       3.259308871907e-02       1.896976148628e+04 
       3.274356165108e-02       1.889613807392e+04 
       3.289456244707e-02       1.882237670728e+04 
       3.304610532940e-02       1.874862898111e+04 
       3.319820499163e-02       1.867478656466e+04 
       3.335087661838e-02       1.860098398858e+04 
       3.350413590613e-02       1.852706825119e+04 
       3.365799908512e-02       1.845317414295e+04 
       3.381248294251e-02       1.837926581060e+04 
       3.396760484675e-02       1.830539283634e+04 
       3.412338277328e-02       1.823146378181e+04 
       3.427983533165e-02       1.815742887160e+04 
       3.443698179424e-02       1.808342119879e+04 
       3.459484212651e-02       1.800947363601e+04 
       3.475343701905e-02       1.793554695967e+04 
       3.491278792150e-02       1.786151781890e+04 
       3.507291707838e-02       1.778754852151e+04 
       3.523384756719e-02       1.771358249547e+04 
       3.539560333867e-02       1.763962961435e+04 
       3.555820925957e-02       1.756559415225e+04 
       3.572169115806e-02       1.749168546612e+04 
       3.588607587197e-02       1.741769496378e+04 
       3.605139130005e-02       1.734374844504e+04 
       3.621766645651e-02       1.726980778685e+04 
       3.638493152912e-02       1.719587691647e+04 
       3.655321794108e-02       1.712194679018e+04 
       3.672255841705e-02       1.704808073413e+04 
       3.689298705351e-02       1.697413680133e+04 
       3.706453939405e-02       1.690027517826e+04 
       3.723725250975e-02       1.682639447782e+04 
       3.741116508526e-02       1.675253367166e+04 
       3.758631751090e-02       1.667868860169e+04 
       3.776275198145e-02       1.660487166660e+04 
       3.794051260212e-02       1.653100435401e+04 
       3.811964550235e-02       1.645715585361e+04 
       3.830019895814e-02       1.638329810936e+04 
       3.848222352367e-02       1.630947449578e+04 
       3.866577217313e-02       1.623561206131e+04 
       3.885090045364e-02       1.616181457452e+04 
       3.903766665029e-02       1.608797473895e+04 
       3.922613196454e-02       1.601407120892e+04 
       3.941636070732e-02       1.594025455408e+04 
       3.960842050809e-02       1.586638561034e+04 
       3.980238254169e-02       1.579245904840e+04 
       3.999832177467e-02       1.571852965051e+04 
       4.019631723319e-02       1.564456554448e+04 
       4.039645229467e-02       1.557054831375e+04 
       4.059881500594e-02       1.549648158635e+04 
       4.080349843051e-02       1.542237733688e+04 
       4.101060102846e-02       1.534822064435e+04 
       4.122022707248e-02       1.527401223523e+04 
       4.143248710429e-02       1.519965823792e+04 
       4.164749843608e-02       1.512532346190e+04 
       4.186538570257e-02       1.505083667063e+04 
       4.208628146952e-02       1.497624909818e+04 
       4.231032690594e-02       1.490156449745e+04 
       4.253767252803e-02       1.482676224335e+04 
       4.276847902389e-02       1.475180500657e+04 
       4.300291816982e-02       1.467674557249e+04 
       4.324117385042e-02       1.460146234346e+04 
       4.348344319664e-02       1.452605428440e+04 
       4.372993785835e-02       1.445042154401e+04 
       4.398088543047e-02       1.437460095761e+04 
       4.423653105528e-02       1.429856260347e+04 
       4.449713922687e-02       1.422228257093e+04 
       4.476299582878e-02       1.414574700408e+04 
       4.503441044099e-02       1.406888468709e+04 
       4.531171895933e-02       1.399172403311e+04 
       4.559528657811e-02       1.391422329404e+04 
       4.588551119698e-02       1.383634205946e+04 
       4.618282732428e-02       1.375809700429e+04 
       4.648771056433e-02       1.367938916402e+04 
       4.680068279331e-02       1.360026785688e+04 
       4.712231815114e-02       1.352059301831e+04 
       4.745325000325e-02       1.344037858186e+04 
       4.779417906082e-02       1.335953180683e+04 
       4.814588289002e-02       1.327807331901e+04 
       4.850922709410e-02       1.319589075039e+04 
       4.888517851920e-02       1.311292042108e+04 
       4.927482091954e-02       1.302910412977e+04 
       4.967937362467e-02       1.294438108023e+04 
       5.010021388841e-02       1.285859170419e+04 
       5.053890377274e-02       1.277170846048e+04 
       5.099722264196e-02       1.268353109507e+04 
       5.147720662439e-02       1.259397532994e+04 
       5.198119675769e-02       1.250283432835e+04 
       5.251189798371e-02       1.240994368786e+04 
       5.307245171783e-02       1.231509861889e+04 
       5.366652539092e-02       1.221796389453e+04 
       5.429842313647e-02       1.211823948892e+04 
       5.497322260235e-02       1.201550631800e+04 
       5.569694352578e-02       1.190924849932e+04 
       5.647675380802e-02       1.179881626526e+04 
       5.732121749253e-02       1.168340027383e+04 
       5.824058455771e-02       1.156190798276e+04 
       5.924711151956e-02       1.143293454546e+04 
       6.035537874462e-02       1.129458041261e+04 
       6.158252599289e-02       1.114437404279e+04 
       6.294825058911e-02       1.097894431897e+04 
       6.447429695765e-02       1.079391904439e+04 
       6.618303758502e-02       1.058365265738e+04 
       6.809471389212e-02       1.034139709485e+04 
       7.022321520687e-02       1.005991864419e+04 
       7.257119060919e-02       9.732927815298e+03 
       7.512659100826e-02       9.357391752778e+03 
       7.786316692742e-02       8.935846566770e+03 
       8.074561767705e-02       8.477514567676e+03 
       8.373699207735e-02       7.997458495156e+03 
       8.680473729674e-02       7.513952299577e+03 
       8.992351853038e-02       7.045416168182e+03 
       9.307526308424e-02       6.607762044433e+03 
       9.624781676292e-02       6.212784928454e+03 
       9.943331485913e-02       5.867339537421e+03 
       1.026267917907e-01       5.573719422964e+03 
       1.058251601680e-01       5.329956098906e+03 
       1.090265184325e-01       5.130744046420e+03 
       1.122297020780e-01       4.968374590879e+03 
       1.154340003747e-01       4.833654285136e+03 
       1.186389803631e-01       4.716778992990e+03 
       1.218443785291e-01       4.608167945053e+03 
       1.250500345135e-01       4.499438376962e+03 
       1.282558506829e-01       4.383923704512e+03 
       1.314617675254e-01       4.257317395916e+03 
       1.346677486925e-01       4.117793602818e+03 
       1.378737719141e-01       3.965976806090e+03 
       1.410798234808e-01       3.804532164389e+03 
       1.442858948936e-01       3.637581826675e+03 
       1.474919808298e-01       3.470022681120e+03 
       1.506980779070e-01       3.306837059297e+03 
       1.539041839320e-01       3.152539803637e+03 
       1.571102974447e-01       3.010716289527e+03 
       1.603164174390e-01       2.883780789331e+03 
       1.635225431938e-01       2.772872816393e+03 
       1.667286741691e-01       2.677894342027e+03 
       1.699348099420e-01       2.597662600840e+03 
       1.731409501679e-01       2.530122585803e+03 
       1.763470945556e-01       2.472622821851e+03 
       1.795532428522e-01       2.422175344373e+03 
       1.827593948330e-01       2.376031932814e+03 
       1.859655502956e-01       2.331437193182e+03 
       1.891717090551e-01       2.285521701178e+03 
       1.923778709415e-01       2.236426497898e+03 
       1.955840357975e-01       2.183078328795e+03 
       1.987902034767e-01       2.125215330394e+03 
       2.019963738428e-01       2.063327124461e+03 
       2.052025467685e-01       1.998501990978e+03 
       2.084087221342e-01       1.932216237095e+03 
       2.116148998282e-01       1.866061368931e+03 
       2.148210797453e-01       1.801597844313e+03 
       2.180272617866e-01       1.740174442011e+03 
       2.212334458590e-01       1.682849017082e+03 
       2.244396318749e-01       1.630354392012e+03 
       2.276458197516e-01       1.583053648781e+03 
       2.308520094109e-01       1.540982484794e+03 
       2.340582007792e-01       1.503824233261e+03 
       2.372643937866e-01       1.470980036317e+03 
       2.404705883672e-01       1.441631962340e+03 
       2.436767844585e-01       1.414825082426e+03 
       2.468829820012e-01       1.389575131469e+03 
       2.500891809392e-01       1.364967980850e+03 
       2.532953812191e-01       1.340230081325e+03 
       2.565015827904e-01       1.314783792719e+03 
       2.597077856048e-01       1.288274107698e+03 
       2.629139896167e-01       1.260557370198e+03 
       2.661201947824e-01       1.231704834858e+03 
       2.693264010606e-01       1.201961359834e+03 
       2.725326084117e-01       1.171714986358e+03 
       2.757388167982e-01       1.141449483637e+03 
       2.789450261840e-01       1.111686313022e+03 
       2.821512365350e-01       1.082914753847e+03 
       2.853574478184e-01       1.055549202484e+03 
       2.885636600030e-01       1.029884591878e+03 
       2.917698730589e-01       1.006062653345e+03 
       2.949760869575e-01       9.841090493493e+02 
       2.981823016716e-01       9.639242750675e+02 
       3.013885171749e-01       9.453203889366e+02 
       3.045947334424e-01       9.280491226486e+02 
       3.078009504500e-01       9.118244313115e+02 
       3.110071681749e-01       8.963483478640e+02 
       3.142133865949e-01       8.813230794328e+02 
       3.174196056888e-01       8.664819243103e+02 
       3.206258254363e-01       8.516097368325e+02 
       3.238320458180e-01       8.365583629110e+02 
       3.270382668150e-01       8.212567376601e+02 
       3.302444884094e-01       8.057115522700e+02 
       3.334507105839e-01       7.899913304927e+02 
       3.366569333217e-01       7.742121159374e+02 
       3.398631566070e-01       7.585082904886e+02 
       3.430693804242e-01       7.430281568251e+02 
       3.462756047585e-01       7.279078154243e+02 
       3.494818295956e-01       7.132745156937e+02 
       3.526880549218e-01       6.992266038104e+02 
       3.558942807238e-01       6.858375199045e+02 
       3.591005069887e-01       6.731403969129e+02 
       3.623067337043e-01       6.611304800892e+02 
       3.655129608585e-01       6.497647110496e+02 
       3.687191884400e-01       6.389669060781e+02 
       3.719254164376e-01       6.286378490390e+02 
       3.751316448406e-01       6.186750563334e+02 
       3.783378736387e-01       6.089811164494e+02 
       3.815441028218e-01       5.994713657138e+02 
       3.847503323804e-01       5.900797787293e+02 
       3.879565623049e-01       5.807580235944e+02 
       3.911627925865e-01       5.714725448648e+02 
       3.943690232163e-01       5.622122107499e+02 
       3.975752541860e-01       5.529775889333e+02 
       4.007814854872e-01       5.437873839038e+02 
       4.039877171122e-01       5.346780646338e+02 
       4.071939490532e-01       5.256899564897e+02 
       4.104001813027e-01       5.168705069289e+02 
       4.136064138536e-01       5.082576105380e+02 
       4.168126466989e-01       4.998825774605e+02 
       4.200188798319e-01       4.917637063547e+02 
       4.232251132459e-01       4.839085171735e+02 
       4.264313469346e-01       4.763185213012e+02 
       4.296375808918e-01       4.689893618718e+02 
       4.328438151116e-01       4.619081967432e+02 
       4.360500495881e-01       4.550584238153e+02 
       4.392562843157e-01       4.484172838691e+02 
       4.424625192889e-01       4.419568478565e+02 
       4.456687545024e-01       4.356457549315e+02 
       4.488749899510e-01       4.294538457464e+02 
       4.520812256297e-01       4.233578797013e+02 
       4.552874615336e-01       4.173389419686e+02 
       4.584936976580e-01       4.113858788424e+02 
       4.616999339983e-01       4.054985648119e+02 
       4.649061705500e-01       3.996739122685e+02 
       4.681124073087e-01       3.939179444963e+02 
       4.713186442701e-01       3.882329683987e+02 
       4.745248814303e-01       3.826319209841e+02 
       4.777311187851e-01       3.771222923765e+02 
       4.809373563307e-01       3.717193737067e+02 
       4.841435940632e-01       3.664333417387e+02 
       4.873498319789e-01       3.612782832158e+02 
       4.905560700743e-01       3.562563683062e+02 
       4.937623083458e-01       3.513680280915e+02 
       4.969685467900e-01       3.466101173337e+02 
       5.001747854036e-01       3.419729885799e+02 
       5.033810241833e-01       3.374439976320e+02 
       5.065872631260e-01       3.330164718757e+02 
       5.097935022286e-01       3.286802317259e+02 
       5.129997414880e-01       3.244265101999e+02 
       5.162059809014e-01       3.202474839079e+02 
       5.194122204659e-01       3.161324553255e+02 
       5.226184601786e-01       3.120754620723e+02 
       5.258247000370e-01       3.080702202203e+02 
       5.488160790264e-01       2.810082810653e+02 
       5.741365740833e-01       2.550628096655e+02 
       6.024261397032e-01       2.299969965590e+02 
       6.346353194434e-01       2.053127831325e+02 
       6.722510615744e-01       1.810453604821e+02 
       7.177530932898e-01       1.566994827941e+02 
       7.756122526863e-01       1.318989228039e+02 
       8.546293079726e-01       1.060927734026e+02 
       9.732515460003e-01       7.897433808637e+01 
       1.165351434097e+00       5.213470472771e+01 
       1.454167103633e+00       3.101038376560e+01 
       1.830103946420e+00       1.790692186984e+01 
       2.303958769472e+00       1.024128228410e+01 
       2.900512233376e+00       5.810382630749e+00 
       3.651528557815e+00       3.272660199320e+00 
       4.597002093326e+00       1.831142563029e+00 
       5.787282753359e+00       1.018451626902e+00 
       7.285757323442e+00       5.633261292408e-01 
       9.172225038646e+00       3.100147857910e-01 
       1.154714718385e+01       1.698180974673e-01 
       1.453699702347e+01       9.262056535885e-02 
       1.830099496402e+01       5.031305046225e-02 
       2.303958762133e+01       2.722747886663e-02 
       2.900512233375e+01       1.468103083127e-02 
       3.651528557815e+01       7.888050934874e-03 
