# Matter power spectrum P(k) at redshift z=0
# for k=1.04991e-05 to 36.5145 h/Mpc,
# number of wavenumbers equal to 554
#    1:k (h/Mpc)              2:P (Mpc/h)^3        
       1.049910072347e-05       4.628202581571e+01 
       2.334955014122e-05       1.001288260630e+02 
       3.624517374068e-05       1.530860492930e+02 
       4.922050436009e-05       2.057012639800e+02 
       6.231064505628e-05       2.582896897828e+02 
       7.555158063401e-05       3.110895943860e+02 
       8.898049911442e-05       3.643059714115e+02 
       1.026361273986e-04       4.181285273607e+02 
       1.165590854151e-04       4.727409470479e+02 
       1.307922630741e-04       5.283265215611e+02 
       1.453812243557e-04       5.850720969181e+02 
       1.603746428064e-04       6.431711566755e+02 
       1.758247725396e-04       7.028264729735e+02 
       1.917879584821e-04       7.642525543422e+02 
       2.083251889645e-04       8.276779870607e+02 
       2.255026927074e-04       8.933477775034e+02 
       2.433925806338e-04       9.615256952455e+02 
       2.620735305330e-04       1.032496655559e+03 
       2.816315091434e-04       1.106569115608e+03 
       3.021605213936e-04       1.184077447342e+03 
       3.237633699721e-04       1.265384205508e+03 
       3.465523996901e-04       1.350882218110e+03 
       3.706501898896e-04       1.440996302373e+03 
       3.961901441744e-04       1.536184449331e+03 
       4.233169100097e-04       1.636938176509e+03 
       4.521865417455e-04       1.743781760526e+03 
       4.829663006471e-04       1.857269888455e+03 
       5.158339670049e-04       1.977983367958e+03 
       5.509765262774e-04       2.106522340746e+03 
       5.885880891597e-04       2.243496584607e+03 
       6.288669216221e-04       2.389512514287e+03 
       6.720115031161e-04       2.545156747266e+03 
       7.182156057477e-04       2.710976318587e+03 
       7.676624963656e-04       2.887456190678e+03 
       8.205185012731e-04       3.074995092626e+03 
       8.769263226150e-04       3.273881371021e+03 
       9.369986278683e-04       3.484270928376e+03 
       1.000812513464e-03       3.706169611258e+03 
       1.068405436882e-03       3.939422082195e+03 
       1.139773100257e-03       4.183709138688e+03 
       1.214869560163e-03       4.438553831277e+03 
       1.293609569250e-03       4.703336539774e+03 
       1.375872882049e-03       4.977276298322e+03 
       1.461510038136e-03       5.259572669999e+03 
       1.550349012825e-03       5.549329725663e+03 
       1.642202111557e-03       5.845612772023e+03 
       1.736872563902e-03       6.147477924344e+03 
       1.834160412280e-03       6.453994630073e+03 
       1.933867450397e-03       6.764264134399e+03 
       2.035801114673e-03       7.077433368493e+03 
       2.139777348980e-03       7.392704167674e+03 
       2.245622541662e-03       7.709339958071e+03 
       2.353174676470e-03       8.026667106215e+03 
       2.462283853120e-03       8.344075810858e+03 
       2.572812327687e-03       8.661018813299e+03 
       2.684634206108e-03       8.977006225601e+03 
       2.797634902123e-03       9.291604744605e+03 
       2.911710448191e-03       9.604430615625e+03 
       3.026766726905e-03       9.915147101099e+03 
       3.142718672385e-03       1.022346005359e+04 
       3.259489476456e-03       1.052911147345e+04 
       3.377009822855e-03       1.083187949436e+04 
       3.495217164078e-03       1.113156928679e+04 
       3.614055049035e-03       1.142801556357e+04 
       3.733472505213e-03       1.172107615368e+04 
       3.853423475869e-03       1.201062974944e+04 
       3.973866310771e-03       1.229657476668e+04 
       4.094763307698e-03       1.257882438463e+04 
       4.216080301197e-03       1.285731004831e+04 
       4.337786294752e-03       1.313197107575e+04 
       4.459853132427e-03       1.340276446069e+04 
       4.582255206161e-03       1.366965138774e+04 
       4.704969195046e-03       1.393260656806e+04 
       4.827973833208e-03       1.419160375810e+04 
       4.951249703165e-03       1.444662801017e+04 
       5.074779051834e-03       1.464616797581e+04 
       5.198545626637e-03       1.489116039679e+04 
       5.322534529434e-03       1.513216681078e+04 
       5.446732086229e-03       1.536918413141e+04 
       5.571125730867e-03       1.560222891439e+04 
       5.695703901112e-03       1.583131695000e+04 
       5.820455945688e-03       1.605646071812e+04 
       5.945372041043e-03       1.627768581068e+04 
       6.070443116732e-03       1.649501792004e+04 
       6.195660788453e-03       1.670847632135e+04 
       6.321017297865e-03       1.691808786264e+04 
       6.446505458453e-03       1.712388408805e+04 
       6.572118606765e-03       1.732588310082e+04 
       6.697850558428e-03       1.752412736748e+04 
       6.823695568436e-03       1.771864706982e+04 
       6.949648295251e-03       1.790946949963e+04 
       7.075703768296e-03       1.809662873175e+04 
       7.201857358510e-03       1.828016029730e+04 
       7.328104751617e-03       1.846008763078e+04 
       7.454441923855e-03       1.863645638573e+04 
       7.580865119891e-03       1.880929691577e+04 
       7.707370832722e-03       1.897864667393e+04 
       7.833955785347e-03       1.914454193701e+04 
       7.960616914048e-03       1.930700606965e+04 
       8.087351353111e-03       1.946608637643e+04 
       8.214156420859e-03       1.962180810828e+04 
       8.341029606861e-03       1.977421721936e+04 
       8.467968560217e-03       1.992333844190e+04 
       8.594971078806e-03       2.006921584594e+04 
       8.722035099418e-03       2.021188265850e+04 
       8.849158688689e-03       2.035137386001e+04 
       8.976340034753e-03       2.048771143332e+04 
       9.103577439566e-03       2.062094512649e+04 
       9.230869311831e-03       2.075110536887e+04 
       9.358214160468e-03       2.087822201709e+04 
       9.485610588598e-03       2.100232776331e+04 
       9.613057287977e-03       2.112346357908e+04 
       9.740553033857e-03       2.124165787545e+04 
       9.868096680230e-03       2.135693878029e+04 
       9.995687155431e-03       2.146934462144e+04 
       1.012332345806e-02       2.157890128347e+04 
       1.025100465320e-02       2.168564548091e+04 
       1.037872986894e-02       2.178960729001e+04 
       1.050649829308e-02       2.189082889266e+04 
       1.063430917016e-02       2.198931353714e+04 
       1.076216179865e-02       2.208513244439e+04 
       1.089005552833e-02       2.217828331042e+04 
       1.101798975791e-02       2.226880249147e+04 
       1.114596393272e-02       2.235672753151e+04 
       1.127397754271e-02       2.244209302191e+04 
       1.140203012043e-02       2.252491573060e+04 
       1.153012123926e-02       2.260522961518e+04 
       1.165825051173e-02       2.268308131729e+04 
       1.178641758794e-02       2.275847858208e+04 
       1.191462215411e-02       2.283145256856e+04 
       1.204286393125e-02       2.290203709052e+04 
       1.217114267387e-02       2.297027321987e+04 
       1.229945816883e-02       2.303617925122e+04 
       1.242781023424e-02       2.309975627720e+04 
       1.255619871846e-02       2.316107648214e+04 
       1.268462349918e-02       2.322014604614e+04 
       1.281308448250e-02       2.327699179523e+04 
       1.294158160218e-02       2.333164008924e+04 
       1.307011481887e-02       2.338413119731e+04 
       1.319868411941e-02       2.343446814189e+04 
       1.332728951620e-02       2.348271833751e+04 
       1.345593104666e-02       2.352886333786e+04 
       1.358460877259e-02       2.357295060697e+04 
       1.371332277978e-02       2.361500320409e+04 
       1.384207317750e-02       2.365504060760e+04 
       1.397086009809e-02       2.369309267084e+04 
       1.409968369660e-02       2.372917761777e+04 
       1.422854415046e-02       2.376332993052e+04 
       1.435744165914e-02       2.379556218056e+04 
       1.448637644391e-02       2.382590021164e+04 
       1.461534874759e-02       2.385438320847e+04 
       1.474435883433e-02       2.388102359429e+04 
       1.487340698943e-02       2.390584333706e+04 
       1.500249351919e-02       2.392886070500e+04 
       1.513161875078e-02       2.395010575576e+04 
       1.526078303214e-02       2.396960421284e+04 
       1.538998673187e-02       2.398737313871e+04 
       1.551923023921e-02       2.400343054303e+04 
       1.564851396399e-02       2.401780471150e+04 
       1.577783833660e-02       2.403052528859e+04 
       1.590720380804e-02       2.404159652556e+04 
       1.603661084989e-02       2.405105224790e+04 
       1.616605995442e-02       2.405890531566e+04 
       1.629555163461e-02       2.406519127782e+04 
       1.642508642426e-02       2.406991574047e+04 
       1.655466487810e-02       2.407306109740e+04 
       1.668428757190e-02       2.407478938654e+04 
       1.681395510260e-02       2.407495818949e+04 
       1.694366808851e-02       2.407365067998e+04 
       1.707342716946e-02       2.407092381903e+04 
       1.720323300698e-02       2.406668034688e+04 
       1.733308628454e-02       2.406118119114e+04 
       1.746298770777e-02       2.405415603844e+04 
       1.759293800468e-02       2.404570528812e+04 
       1.772293792597e-02       2.403603419367e+04 
       1.785298824525e-02       2.402504479493e+04 
       1.798308975938e-02       2.401272924526e+04 
       1.811324328877e-02       2.399903251644e+04 
       1.824344967769e-02       2.398399772864e+04 
       1.837370979464e-02       2.396790473250e+04 
       1.850402453267e-02       2.395043535945e+04 
       1.863439480982e-02       2.393174355100e+04 
       1.876482156947e-02       2.391197791895e+04 
       1.889530578076e-02       2.389095392542e+04 
       1.902584843901e-02       2.386873499219e+04 
       1.915645056620e-02       2.384534871629e+04 
       1.928711321140e-02       2.382073774688e+04 
       1.941783745128e-02       2.379515907449e+04 
       1.954862439059e-02       2.376854767980e+04 
       1.967947516269e-02       2.374072213386e+04 
       1.981039093007e-02       2.371184257294e+04 
       1.994137288495e-02       2.368209253001e+04 
       2.007242224980e-02       2.365105986930e+04 
       2.020354027800e-02       2.361923283618e+04 
       2.033472825440e-02       2.358639146995e+04 
       2.046598749599e-02       2.355249342792e+04 
       2.059731935254e-02       2.351767639123e+04 
       2.072872520733e-02       2.348188459260e+04 
       2.086020647778e-02       2.344506939116e+04 
       2.099176461622e-02       2.340750026060e+04 
       2.112340111065e-02       2.336902257088e+04 
       2.125511748549e-02       2.332952440287e+04 
       2.138691530238e-02       2.328934225976e+04 
       2.151879616101e-02       2.324818867219e+04 
       2.165076169999e-02       2.320629024828e+04 
       2.178281359769e-02       2.316353542861e+04 
       2.191495357316e-02       2.311998275385e+04 
       2.204718338707e-02       2.307575466103e+04 
       2.217950484267e-02       2.303064766107e+04 
       2.231191978677e-02       2.298490225298e+04 
       2.244443011079e-02       2.293823351874e+04 
       2.257703775178e-02       2.289085938990e+04 
       2.270974469353e-02       2.284280953196e+04 
       2.284255296769e-02       2.279408305280e+04 
       2.297546465492e-02       2.274468545064e+04 
       2.310848188611e-02       2.269450232369e+04 
       2.324160684356e-02       2.264379222866e+04 
       2.337484176230e-02       2.259244937186e+04 
       2.350818893138e-02       2.254035813913e+04 
       2.364165069522e-02       2.248780483751e+04 
       2.377522945499e-02       2.243455708255e+04 
       2.390892767011e-02       2.238068287835e+04 
       2.404274785963e-02       2.232627118880e+04 
       2.417669260389e-02       2.227133168572e+04 
       2.431076454598e-02       2.221580684992e+04 
       2.444496639346e-02       2.215969673256e+04 
       2.457930092000e-02       2.210313795427e+04 
       2.471377096716e-02       2.204600429963e+04 
       2.484837944613e-02       2.198837865795e+04 
       2.498312933964e-02       2.193040669681e+04 
       2.511802370386e-02       2.187171353694e+04 
       2.525306567039e-02       2.181269630272e+04 
       2.538825844829e-02       2.175319320104e+04 
       2.552360532620e-02       2.169320039965e+04 
       2.565910967455e-02       2.163280945038e+04 
       2.579477494783e-02       2.157195475869e+04 
       2.593060468687e-02       2.151074794584e+04 
       2.606660252134e-02       2.144910171572e+04 
       2.620277217220e-02       2.138715078353e+04 
       2.633911745432e-02       2.132479895516e+04 
       2.647564227914e-02       2.126192828799e+04 
       2.661235065747e-02       2.119884833105e+04 
       2.674924670235e-02       2.113540802373e+04 
       2.688633463204e-02       2.107159625427e+04 
       2.702361877310e-02       2.100747521386e+04 
       2.716110356357e-02       2.094304244449e+04 
       2.729879355632e-02       2.087825670714e+04 
       2.743669342245e-02       2.081321116108e+04 
       2.757480795486e-02       2.074789726424e+04 
       2.771314207195e-02       2.068219518332e+04 
       2.785170082147e-02       2.061643148673e+04 
       2.799048938445e-02       2.055023514249e+04 
       2.812951307936e-02       2.048381572191e+04 
       2.826877736640e-02       2.041715741113e+04 
       2.840828785192e-02       2.035034516499e+04 
       2.854805029307e-02       2.028320719289e+04 
       2.868807060262e-02       2.021588593145e+04 
       2.882835485389e-02       2.014844991723e+04 
       2.896890928601e-02       2.008069537983e+04 
       2.910974030930e-02       2.001276592622e+04 
       2.925085451085e-02       1.994469865151e+04 
       2.939225866045e-02       1.987640128202e+04 
       2.953395971658e-02       1.980800124666e+04 
       2.967596483283e-02       1.973930576037e+04 
       2.981828136446e-02       1.967059805776e+04 
       2.996091687530e-02       1.960165749149e+04 
       3.010387914492e-02       1.953262201476e+04 
       3.024717617611e-02       1.946340362433e+04 
       3.039081620268e-02       1.939416178400e+04 
       3.053480769762e-02       1.932468923267e+04 
       3.067915938159e-02       1.925516418745e+04 
       3.082388023179e-02       1.918548185960e+04 
       3.096897949128e-02       1.911573729554e+04 
       3.111446667860e-02       1.904587477094e+04 
       3.126035159797e-02       1.897591553323e+04 
       3.140664434989e-02       1.890594017164e+04 
       3.155335534218e-02       1.883579403646e+04 
       3.170049530165e-02       1.876563591713e+04 
       3.184807528622e-02       1.869539196678e+04 
       3.199610669771e-02       1.862504579693e+04 
       3.214460129513e-02       1.855469184076e+04 
       3.229357120875e-02       1.848427898117e+04 
       3.244302895474e-02       1.841381547621e+04 
       3.259298745063e-02       1.834329541226e+04 
       3.274346003146e-02       1.827275861043e+04 
       3.289446046685e-02       1.820215776905e+04 
       3.304600297882e-02       1.813160243782e+04 
       3.319810226064e-02       1.806091132990e+04 
       3.335077349656e-02       1.799026213061e+04 
       3.350403238272e-02       1.791960979749e+04 
       3.365789514900e-02       1.784890387723e+04 
       3.381237858217e-02       1.777821424282e+04 
       3.396750005028e-02       1.770753924350e+04 
       3.412327752834e-02       1.763681672690e+04 
       3.427972962548e-02       1.756610023499e+04 
       3.443687561362e-02       1.749537510157e+04 
       3.459473545774e-02       1.742470361709e+04 
       3.475332984793e-02       1.735403333251e+04 
       3.491268023330e-02       1.728329010269e+04 
       3.507280885784e-02       1.721263386230e+04 
       3.523373879845e-02       1.714199769344e+04 
       3.539549400528e-02       1.707133815314e+04 
       3.555809934445e-02       1.700069236710e+04 
       3.572158064347e-02       1.693012267584e+04 
       3.588596473946e-02       1.685950168498e+04 
       3.605127953044e-02       1.678892798812e+04 
       3.621755402985e-02       1.671840510869e+04 
       3.638481842465e-02       1.664784736286e+04 
       3.655310413720e-02       1.657735396533e+04 
       3.672244389123e-02       1.650689948181e+04 
       3.689287178228e-02       1.643642048138e+04 
       3.706442335295e-02       1.636599549313e+04 
       3.723713567326e-02       1.629557981258e+04 
       3.741104742673e-02       1.622522044280e+04 
       3.758619900250e-02       1.615485176112e+04 
       3.776263259411e-02       1.608458216205e+04 
       3.794039230544e-02       1.601420882854e+04 
       3.811952426452e-02       1.594390288625e+04 
       3.830007674586e-02       1.587361446516e+04 
       3.848210030206e-02       1.580335656325e+04 
       3.866564790563e-02       1.573312498024e+04 
       3.885077510190e-02       1.566292075440e+04 
       3.903754017405e-02       1.559273759175e+04 
       3.922600432152e-02       1.552248491699e+04 
       3.941623185307e-02       1.545234331392e+04 
       3.960829039585e-02       1.538214974689e+04 
       3.980225112222e-02       1.531193894706e+04 
       3.999818899611e-02       1.524174624505e+04 
       4.019618304082e-02       1.517154797757e+04 
       4.039631663075e-02       1.510132400431e+04 
       4.059867780946e-02       1.503106970756e+04 
       4.080335963695e-02       1.496081220282e+04 
       4.101046056955e-02       1.489053819563e+04 
       4.122008487586e-02       1.482021775422e+04 
       4.143234309321e-02       1.474980113561e+04 
       4.164735252906e-02       1.467945911052e+04 
       4.186523781298e-02       1.460894662107e+04 
       4.208613150516e-02       1.453838068969e+04 
       4.231017476860e-02       1.446780087774e+04 
       4.253751811291e-02       1.439710254377e+04 
       4.276832221902e-02       1.432631422833e+04 
       4.300275885544e-02       1.425545028526e+04 
       4.324101189823e-02       1.418446653923e+04 
       4.348327846902e-02       1.411331553077e+04 
       4.372977020740e-02       1.404205112643e+04 
       4.398071469704e-02       1.397066362708e+04 
       4.423635706780e-02       1.389907793797e+04 
       4.449696180006e-02       1.382733631214e+04 
       4.476281476221e-02       1.375540425762e+04 
       4.503422551741e-02       1.368320354566e+04 
       4.531152994276e-02       1.361080395068e+04 
       4.559509321176e-02       1.353814321948e+04 
       4.588531320074e-02       1.346523730825e+04 
       4.618262439192e-02       1.339196113164e+04 
       4.648750236024e-02       1.331837851171e+04 
       4.680046894880e-02       1.324446776059e+04 
       4.712209826003e-02       1.317015544795e+04 
       4.745302361685e-02       1.309540759203e+04 
       4.779394568201e-02       1.302019195410e+04 
       4.814564196631e-02       1.294447117034e+04 
       4.850897800943e-02       1.286821466592e+04 
       4.888492058430e-02       1.279133933210e+04 
       4.927455336041e-02       1.271381930075e+04 
       4.967909556883e-02       1.263561294258e+04 
       5.009992434843e-02       1.255653472280e+04 
       5.053860162635e-02       1.247663627438e+04 
       5.099690660797e-02       1.239574693932e+04 
       5.147687523340e-02       1.231376992826e+04 
       5.198084831619e-02       1.223057552976e+04 
       5.251153053014e-02       1.214601741004e+04 
       5.307206296833e-02       1.205997371799e+04 
       5.366611267238e-02       1.197210904738e+04 
       5.429798330369e-02       1.188224345573e+04 
       5.497275193575e-02       1.179003644521e+04 
       5.569643760579e-02       1.169503936796e+04 
       5.647620736233e-02       1.159675716513e+04 
       5.732062421443e-02       1.149448728858e+04 
       5.823993689816e-02       1.138732561307e+04 
       5.924640046643e-02       1.127405980600e+04 
       6.035459362405e-02       1.115300553361e+04 
       6.158165436728e-02       1.102195483891e+04 
       6.294727839164e-02       1.087786867385e+04 
       6.447320909148e-02       1.071652994987e+04 
       6.618181928905e-02       1.053255153735e+04 
       6.809335311594e-02       1.031923273331e+04 
       7.022170584368e-02       1.006900761894e+04 
       7.256953560930e-02       9.774932089447e+03 
       7.512480361546e-02       9.432968917235e+03 
       7.786126867573e-02       9.044343226858e+03 
       8.074363374848e-02       8.617194275389e+03 
       8.373494641110e-02       8.165834587214e+03 
       8.680264953922e-02       7.708420946221e+03 
       8.992140321064e-02       7.263719302722e+03 
       9.307313020760e-02       6.848229713184e+03 
       9.624567290258e-02       6.474436929727e+03 
       9.943116420495e-02       6.149803245648e+03 
       1.026246369631e-01       5.877070086031e+03 
       1.058230027869e-01       5.654563201533e+03 
       1.090243594918e-01       5.477173392916e+03 
       1.122275421853e-01       5.337184523941e+03 
       1.154318399002e-01       5.225239263784e+03 
       1.186368195323e-01       5.131142802067e+03 
       1.218422174792e-01       5.044818748637e+03 
       1.250478733280e-01       4.957158739443e+03 
       1.282536894127e-01       4.860823207974e+03 
       1.314596062014e-01       4.750886124063e+03 
       1.346655873338e-01       4.625165744864e+03 
       1.378716105323e-01       4.484199991027e+03 
       1.410776620832e-01       4.330874211385e+03 
       1.442837334846e-01       4.169788079561e+03 
       1.474898194122e-01       4.006468668131e+03 
       1.506959164826e-01       3.846574317804e+03 
       1.539020225022e-01       3.695238747531e+03 
       1.571081360101e-01       3.556554169215e+03 
       1.603142560002e-01       3.433299023159e+03 
       1.635203817513e-01       3.326816344999e+03 
       1.667265127231e-01       3.237096157698e+03 
       1.699326484928e-01       3.162923099056e+03 
       1.731387887157e-01       3.102118135333e+03 
       1.763449331006e-01       3.051832300426e+03 
       1.795510813946e-01       3.008811655341e+03 
       1.827572333729e-01       2.970037439164e+03 
       1.859633888332e-01       2.932444766439e+03 
       1.891695475905e-01       2.892785007111e+03 
       1.923757094747e-01       2.848932879444e+03 
       1.955818743286e-01       2.799637833909e+03 
       1.987880420059e-01       2.744586777301e+03 
       2.019942123702e-01       2.684343687474e+03 
       2.052003852941e-01       2.620174288383e+03 
       2.084065606582e-01       2.553805081778e+03 
       2.116127383506e-01       2.487098945349e+03 
       2.148189182661e-01       2.421875708497e+03 
       2.180251003059e-01       2.359706829392e+03 
       2.212312843769e-01       2.301820786061e+03 
       2.244374703915e-01       2.249063794195e+03 
       2.276436582668e-01       2.201868172894e+03 
       2.308498479249e-01       2.160274671788e+03 
       2.340560392920e-01       2.123944058727e+03 
       2.372622322982e-01       2.092217900175e+03 
       2.404684268777e-01       2.064179579319e+03 
       2.436746229680e-01       2.038763910562e+03 
       2.468808205097e-01       2.014866551233e+03 
       2.500870194466e-01       1.991454816555e+03 
       2.532932197256e-01       1.967658888765e+03 
       2.564994212959e-01       1.942813599588e+03 
       2.597056241094e-01       1.916537131742e+03 
       2.629118281204e-01       1.888657475029e+03 
       2.661180332853e-01       1.859279598454e+03 
       2.693242395627e-01       1.828689980665e+03 
       2.725304469131e-01       1.797350134280e+03 
       2.757366552987e-01       1.765825444615e+03 
       2.789428646839e-01       1.734724061792e+03 
       2.821490750341e-01       1.704613311590e+03 
       2.853552863169e-01       1.675966381916e+03 
       2.885614985008e-01       1.649114268304e+03 
       2.917677115560e-01       1.624230320886e+03 
       2.949739254540e-01       1.601330122074e+03 
       2.981801401674e-01       1.580310342261e+03 
       3.013863556701e-01       1.560954054584e+03 
       3.045925719370e-01       1.542987464334e+03 
       3.077987889441e-01       1.526091021306e+03 
       3.110050066684e-01       1.509933450919e+03 
       3.142112250879e-01       1.494185143538e+03 
       3.174174441813e-01       1.478551926703e+03 
       3.206236639283e-01       1.462796432400e+03 
       3.238298843095e-01       1.446757920483e+03 
       3.270361053060e-01       1.430364557394e+03 
       3.302423269000e-01       1.413628229503e+03 
       3.334485490739e-01       1.396633561924e+03 
       3.366547718114e-01       1.379513353818e+03 
       3.398609950962e-01       1.362427129827e+03 
       3.430672189129e-01       1.345535867979e+03 
       3.462734432468e-01       1.329001775497e+03 
       3.494796680836e-01       1.312958226610e+03 
       3.526858934093e-01       1.297521802152e+03 
       3.558921192109e-01       1.282765656505e+03 
       3.590983454755e-01       1.268734750663e+03 
       3.623045721906e-01       1.255413869454e+03 
       3.655107993445e-01       1.242758560527e+03 
       3.687170269256e-01       1.230681777549e+03 
       3.719232549229e-01       1.219080566122e+03 
       3.751294833256e-01       1.207842857798e+03 
       3.783357121233e-01       1.196864424499e+03 
       3.815419413061e-01       1.186054850098e+03 
       3.847481708643e-01       1.175345290072e+03 
       3.879544007885e-01       1.164685059441e+03 
       3.911606310698e-01       1.154042210335e+03 
       3.943668616993e-01       1.143405461148e+03 
       3.975730926687e-01       1.132778716210e+03 
       4.007793239696e-01       1.122185265877e+03 
       4.039855555943e-01       1.111663688226e+03 
       4.071917875350e-01       1.101260281381e+03 
       4.103980197842e-01       1.091023804905e+03 
       4.136042523349e-01       1.080996914011e+03 
       4.168104851799e-01       1.071211130217e+03 
       4.200167183126e-01       1.061685688475e+03 
       4.232229517264e-01       1.052429672763e+03 
       4.264291854148e-01       1.043442465703e+03 
       4.296354193718e-01       1.034718163121e+03 
       4.328416535913e-01       1.026244834730e+03 
       4.360478880676e-01       1.018004300459e+03 
       4.392541227949e-01       1.009973142349e+03 
       4.424603577679e-01       1.002121749608e+03 
       4.456665929811e-01       9.944202983900e+02 
       4.488728284295e-01       9.868373309323e+02 
       4.520790641080e-01       9.793491799412e+02 
       4.552853000117e-01       9.719370859993e+02 
       4.584915361359e-01       9.645926378998e+02 
       4.616977724759e-01       9.573132879941e+02 
       4.649040090274e-01       9.501003791107e+02 
       4.681102457858e-01       9.429573564419e+02 
       4.713164827471e-01       9.358907730973e+02 
       4.745227199071e-01       9.289089315731e+02 
       4.777289572617e-01       9.220235222103e+02 
       4.809351948070e-01       9.152469840202e+02 
       4.841414325393e-01       9.085921948255e+02 
       4.873476704548e-01       9.020689206571e+02 
       4.905539085500e-01       8.956820888145e+02 
       4.937601468213e-01       8.894307824304e+02 
       4.969663852654e-01       8.833111380724e+02 
       5.001726238788e-01       8.773119280345e+02 
       5.033788626583e-01       8.714246483962e+02 
       5.065851016008e-01       8.656398168562e+02 
       5.097913407032e-01       8.599484780504e+02 
       5.129975799625e-01       8.543420522234e+02 
       5.162038193757e-01       8.488121375686e+02 
       5.194100589400e-01       8.433513637487e+02 
       5.226162986525e-01       8.379523601281e+02 
       5.258225385107e-01       8.326103812724e+02 
       5.488137130813e-01       7.960933575994e+02 
       5.741339516043e-01       7.599360291478e+02 
       6.024231851021e-01       7.237144594893e+02 
       6.346319179130e-01       6.867187508818e+02 
       6.722470285582e-01       6.485232375834e+02 
       7.177481106388e-01       6.080129714858e+02 
       7.756057241507e-01       5.636652193398e+02 
       8.546200150581e-01       5.128672479602e+02 
       9.732369370156e-01       4.515462366902e+02 
       1.165327757685e+00       3.764995930936e+02 
       1.454134387346e+00       2.962351804144e+02 
       1.830062537023e+00       2.243213654315e+02 
       2.303906635120e+00       1.636529882397e+02 
       2.900446600109e+00       1.149101021989e+02 
       3.651445930428e+00       7.790683915752e+01 
       4.596898071608e+00       5.125858477273e+01 
       5.787151797774e+00       3.290421754907e+01 
       7.285592460129e+00       2.071118519814e+01 
       9.172017488032e+00       1.283863410633e+01 
       1.154688589310e+01       7.866024391269e+00 
       1.453666807792e+01       4.777020696337e+00 
       1.830058084611e+01       2.881959137515e+00 
       2.303906627776e+01       1.730139928733e+00 
       2.900446600108e+01       1.034879188735e+00 
       3.651445930428e+01       6.173415061768e-01 
