# [0]z0 [1]zf [2]sigma_z [3]marg_sz [4]lmax
0.000000 0.061856 0.020619 0 0 18
0.061856 0.127537 0.021894 0 0 55
0.127537 0.197282 0.023248 0 0 93
0.197282 0.271341 0.024686 0 0 132
0.271341 0.349980 0.026213 0 0 172
0.349980 0.433484 0.027835 0 0 212
0.433484 0.522153 0.029556 0 0 252
0.522153 0.616307 0.031385 0 0 293
0.616307 0.716285 0.033326 0 0 334
0.716285 0.822447 0.035387 0 0 375
0.822447 0.935176 0.037576 0 0 416
0.935176 1.054877 0.039900 0 0 456
1.054877 1.181983 0.042369 0 0 496
1.181983 1.316951 0.044989 0 0 536
1.316951 1.460268 0.047772 0 0 575
