6.938893903907228378e-18 6.185567010309277886e-02 2.061855670103092744e-02 1 -1 24
6.185567010309278579e-02 1.275374641300882073e-01 2.189393134233181062e-02 1 -1 49
1.275374641300882073e-01 1.972820495401967356e-01 2.324819513670284624e-02 1 -1 80
1.972820495401967356e-01 2.713407330169099185e-01 2.468622782557106446e-02 1 -1 114
2.713407330169099740e-01 3.499803659870280859e-01 2.621321099003938102e-02 1 -1 152
3.499803659870281414e-01 4.334843061511742257e-01 2.783464672138202464e-02 1 -1 195
4.334843061511742257e-01 5.221534384904220616e-01 2.955637744641596149e-02 1 -1 244
5.221534384904220616e-01 6.163072594279739302e-01 3.138460697918396547e-02 1 -1 298
6.163072594279739302e-01 7.162850280523846980e-01 3.332592287480358462e-02 1 -1 354
7.162850280523846980e-01 8.224469885504703814e-01 3.538732016602855190e-02 1 -1 413
8.224469885504703814e-01 9.351756682546232824e-01 3.757622656805093692e-02 1 -1 472
9.351756682546231714e-01 1.054877255981713224e+00 3.990052924236336951e-02 1 -1 536
1.054877255981713224e+00 1.181983065630066720e+00 4.236860321611780195e-02 1 -1 604
1.181983065630066720e+00 1.316951090308215333e+00 4.498934155938281998e-02 1 -1 674
1.316951090308215333e+00 1.460267652595321541e+00 4.777218742903537735e-02 1 -1 743
