0.000000000000000000e+00 2.439072336509942943e-02
1.041666666666666609e-02 5.477044055028341685e-01
2.083333333333333218e-02 1.349854641024140101e+00
3.125000000000000000e-02 2.265963819141106228e+00
4.166666666666666435e-02 3.250910911609107057e+00
5.208333333333333565e-02 4.279583365994072075e+00
6.250000000000000000e-02 5.335517569180916908e+00
7.291666666666667129e-02 6.406953688635802280e+00
8.333333333333332871e-02 7.485039867104040567e+00
9.375000000000000000e-02 8.562878241496253651e+00
1.041666666666666713e-01 9.634963469808800696e+00
1.145833333333333287e-01 1.069682698001823518e+01
1.250000000000000000e-01 1.174479859797303227e+01
1.354166666666666574e-01 1.277583963432938141e+01
1.458333333333333426e-01 1.378742176551057952e+01
1.562500000000000000e-01 1.477743651194962204e+01
1.666666666666666574e-01 1.574412588112283906e+01
1.770833333333333426e-01 1.668602808618745215e+01
1.875000000000000000e-01 1.760193427648783526e+01
1.979166666666666574e-01 1.849085348920254646e+01
2.083333333333333426e-01 1.935198385766272366e+01
2.187500000000000000e-01 2.018468866296466047e+01
2.291666666666666574e-01 2.098847619228731531e+01
2.395833333333333426e-01 2.176298263048376569e+01
2.500000000000000000e-01 2.250795739887968949e+01
2.604166666666666852e-01 2.322325049098268579e+01
2.708333333333333148e-01 2.390880145468242546e+01
2.812500000000000000e-01 2.456462974506905184e+01
2.916666666666666852e-01 2.519082622836217311e+01
3.020833333333333148e-01 2.578754566055236452e+01
3.125000000000000000e-01 2.635499999769298185e+01
3.229166666666666852e-01 2.689345242082972476e+01
3.333333333333333148e-01 2.740321197907501016e+01
3.437500000000000000e-01 2.788462877066423218e+01
3.541666666666666852e-01 2.833808959490065504e+01
3.645833333333333148e-01 2.876401401850758077e+01
3.750000000000000000e-01 2.916285080841902300e+01
3.854166666666666852e-01 2.953507469014672537e+01
3.958333333333333148e-01 2.988118339662323208e+01
4.062500000000000000e-01 3.020169497722181973e+01
4.166666666666666852e-01 3.049714534066016469e+01
4.270833333333333148e-01 3.076808600883586209e+01
4.375000000000000000e-01 3.101508206147176949e+01
4.479166666666666852e-01 3.123871025381914635e+01
4.583333333333333148e-01 3.143955729170250990e+01
4.687500000000000000e-01 3.161821824990696328e+01
4.791666666666666852e-01 3.177529512139200918e+01
4.895833333333333148e-01 3.191139548607933563e+01
5.000000000000000000e-01 3.202713128905494955e+01
5.104166666666666297e-01 3.212311771896903423e+01
5.208333333333333703e-01 3.219997217823031121e+01
5.312500000000000000e-01 3.225831333729786365e+01
5.416666666666666297e-01 3.229876026597878536e+01
5.520833333333333703e-01 3.232193163517314360e+01
5.625000000000000000e-01 3.232844498295747826e+01
5.729166666666666297e-01 3.231891603929051371e+01
5.833333333333333703e-01 3.229395810395574529e+01
5.937500000000000000e-01 3.225418147263831514e+01
6.041666666666666297e-01 3.220019290626675712e+01
6.145833333333333703e-01 3.213259513893832775e+01
6.250000000000000000e-01 3.205198641991089659e+01
6.354166666666666297e-01 3.195896008523773801e+01
6.458333333333333703e-01 3.185410415472335544e+01
6.562500000000000000e-01 3.173800094991618792e+01
6.666666666666666297e-01 3.161122672887923812e+01
6.770833333333333703e-01 3.147435133346727909e+01
6.875000000000000000e-01 3.132793784481247812e+01
6.979166666666666297e-01 3.117254224266365270e+01
7.083333333333333703e-01 3.100871306415129425e+01
7.187500000000000000e-01 3.083699105746611835e+01
7.291666666666666297e-01 3.065790882583725008e+01
7.395833333333333703e-01 3.047199045709776044e+01
7.500000000000000000e-01 3.027975113402244389e+01
7.604166666666666297e-01 3.008169672053595889e+01
7.708333333333333703e-01 2.987832331881665127e+01
7.812500000000000000e-01 2.967011679228985699e+01
7.916666666666666297e-01 2.945755224950783813e+01
8.020833333333333703e-01 2.924109348398702224e+01
8.125000000000000000e-01 2.902119236522439749e+01
8.229166666666666297e-01 2.879828817637377014e+01
8.333333333333333703e-01 2.857280689442226418e+01
8.437500000000000000e-01 2.834516040927216807e+01
8.541666666666666297e-01 2.811574567881010012e+01
8.645833333333333703e-01 2.788494381799072741e+01
8.750000000000000000e-01 2.765311912111933523e+01
8.854166666666666297e-01 2.742061801795592402e+01
8.958333333333333703e-01 2.718776796600840484e+01
9.062500000000000000e-01 2.695487628345346565e+01
9.166666666666666297e-01 2.672222892954215467e+01
9.270833333333333703e-01 2.649008924213744720e+01
9.375000000000000000e-01 2.625869664516611834e+01
9.479166666666666297e-01 2.602826534226349153e+01
9.583333333333333703e-01 2.579898301666651861e+01
9.687500000000000000e-01 2.557100956146220838e+01
9.791666666666666297e-01 2.534447586846048139e+01
9.895833333333333703e-01 2.511948270817411455e+01
1.000000000000000000e+00 2.489609973744240179e+01
1.010416666666666741e+00 2.467436467495595309e+01
1.020833333333333259e+00 2.445428268807417993e+01
1.031250000000000000e+00 2.423582603661309420e+01
1.041666666666666741e+00 2.401893402042488646e+01
1.052083333333333259e+00 2.380351327727439781e+01
1.062500000000000000e+00 2.358943847545617700e+01
1.072916666666666741e+00 2.337655344149619907e+01
1.083333333333333259e+00 2.316467275693191752e+01
1.093750000000000000e+00 2.295358384941544116e+01
1.104166666666666741e+00 2.274304959220441091e+01
1.114583333333333259e+00 2.253281141259981624e+01
1.125000000000000000e+00 2.232259289432412430e+01
1.135416666666666741e+00 2.211210384165053711e+01
1.145833333333333259e+00 2.190104475491019187e+01
1.156250000000000000e+00 2.168911164861221508e+01
1.166666666666666741e+00 2.147600112571439368e+01
1.177083333333333259e+00 2.126141560560806099e+01
1.187500000000000000e+00 2.104506859013901376e+01
1.197916666666666741e+00 2.082668984246752331e+01
1.208333333333333259e+00 2.060603034861867044e+01
1.218750000000000000e+00 2.038286693180682008e+01
1.229166666666666741e+00 2.015700639540372663e+01
1.239583333333333259e+00 1.992828908175135183e+01
1.250000000000000000e+00 1.969659175057033096e+01
1.260416666666666741e+00 1.946182970178273308e+01
1.270833333333333259e+00 1.922395809214991402e+01
1.281250000000000000e+00 1.898297242197879697e+01
1.291666666666666741e+00 1.873890819586765843e+01
1.302083333333333259e+00 1.849183978861033850e+01
1.312500000000000000e+00 1.824187857256601930e+01
1.322916666666666741e+00 1.798917038481579667e+01
1.333333333333333259e+00 1.773389243029669515e+01
1.343750000000000000e+00 1.747624973015118144e+01
1.354166666666666741e+00 1.721647123243122479e+01
1.364583333333333259e+00 1.695480570501969808e+01
1.375000000000000000e+00 1.669151752848930670e+01
1.385416666666666741e+00 1.642688250013381790e+01
1.395833333333333259e+00 1.616118375031172505e+01
1.406250000000000000e+00 1.589470785937733055e+01
1.416666666666666741e+00 1.562774124872471937e+01
1.427083333333333259e+00 1.536056690370720190e+01
1.437500000000000000e+00 1.509346147022255913e+01
1.447916666666666741e+00 1.482669275126790076e+01
1.458333333333333259e+00 1.456051761533674949e+01
1.468750000000000000e+00 1.429518031558354529e+01
1.479166666666666741e+00 1.403091120750949550e+01
1.489583333333333259e+00 1.376792584368634742e+01
1.500000000000000000e+00 1.350642441678655992e+01
1.510416666666666741e+00 1.324659151688090475e+01
1.520833333333333259e+00 1.298859616548488027e+01
1.531250000000000000e+00 1.273259208700983791e+01
1.541666666666666741e+00 1.247871817790775317e+01
1.552083333333333259e+00 1.222709913465661735e+01
1.562500000000000000e+00 1.197784620359859176e+01
1.572916666666666741e+00 1.173105801828764960e+01
1.583333333333333259e+00 1.148682149321288826e+01
1.593750000000000000e+00 1.124521274635019985e+01
1.604166666666666741e+00 1.100629802678020219e+01
1.614583333333333259e+00 1.077013462744566574e+01
1.625000000000000000e+00 1.053677176687931727e+01
1.635416666666666741e+00 1.030625142731347843e+01
1.645833333333333259e+00 1.007860913989873275e+01
1.656250000000000000e+00 9.853874710758937283e+00
1.666666666666666741e+00 9.632072884254059275e+00
1.677083333333333259e+00 9.413223942083273954e+00
1.687500000000000000e+00 9.197344238747399814e+00
1.697916666666666741e+00 8.984446675398253035e+00
1.708333333333333259e+00 8.774541115260152679e+00
1.718750000000000000e+00 8.567634744645337364e+00
1.729166666666666741e+00 8.363732384129312081e+00
1.739583333333333259e+00 8.162836754749179136e+00
1.750000000000000000e+00 7.964948704177451155e+00
1.760416666666666741e+00 7.770067397739264692e+00
1.770833333333333259e+00 7.578190478932492979e+00
1.781250000000000000e+00 7.389314203801961689e+00
1.791666666666666741e+00 7.203433558120240221e+00
1.802083333333333259e+00 7.020542326174517456e+00
1.812500000000000000e+00 6.840633218652629743e+00
1.822916666666666741e+00 6.663697888492219334e+00
1.833333333333333259e+00 6.489727010930575801e+00
1.843750000000000000e+00 6.318710325414909512e+00
1.854166666666666741e+00 6.150636675807541920e+00
1.864583333333333259e+00 5.985494045282051978e+00
1.875000000000000000e+00 5.823269587019965776e+00
1.885416666666666741e+00 5.663949651599168966e+00
1.895833333333333259e+00 5.507519811781880215e+00
1.906250000000000000e+00 5.353964885260101170e+00
1.916666666666666741e+00 5.203268955791386041e+00
1.927083333333333259e+00 5.055415393062084206e+00
1.937500000000000000e+00 4.910386871533221509e+00
1.947916666666666741e+00 4.768165388468558419e+00
1.958333333333333259e+00 4.628732281292714745e+00
1.968750000000000000e+00 4.492068244395159837e+00
1.979166666666666741e+00 4.358153345468534390e+00
1.989583333333333259e+00 4.226967041448457252e+00
2.000000000000000000e+00 4.098488194113757643e+00
2.010416666666666519e+00 3.972695085381007019e+00
2.020833333333333481e+00 3.849565432342972215e+00
2.031250000000000000e+00 3.729076402072399432e+00
2.041666666666666519e+00 3.611204626222444869e+00
2.052083333333333481e+00 3.495926215448190710e+00
2.062500000000000000e+00 3.383216773671965605e+00
2.072916666666666519e+00 3.273051412214072808e+00
2.083333333333333481e+00 3.165404763809362088e+00
2.093750000000000000e+00 3.060250996529339407e+00
2.104166666666666519e+00 2.957563829200180461e+00
2.114583333333333481e+00 2.857316537336388684e+00
2.125000000000000000e+00 2.759481982602713490e+00
2.135416666666666519e+00 2.664032610831018388e+00
2.145833333333333481e+00 2.570940473598825715e+00
2.156250000000000000e+00 2.480177240392273053e+00
2.166666666666666519e+00 2.391714212366315095e+00
2.177083333333333481e+00 2.305522336146625939e+00
2.187500000000000000e+00 2.221572217687163953e+00
2.197916666666666519e+00 2.139834136197316994e+00
2.208333333333333481e+00 2.060278058151703284e+00
2.218750000000000000e+00 1.982873651394592818e+00
2.229166666666666519e+00 1.907590299351014096e+00
2.239583333333333481e+00 1.834397115354781782e+00
2.250000000000000000e+00 1.763262957103770345e+00
2.260416666666666519e+00 1.694156441251135403e+00
2.270833333333333481e+00 1.627045958141046356e+00
2.281250000000000000e+00 1.561899686695864542e+00
2.291666666666666519e+00 1.498685609461104074e+00
2.302083333333333481e+00 1.437371527813510630e+00
2.312500000000000000e+00 1.377925077336356052e+00
2.322916666666666519e+00 1.320313743365095549e+00
2.333333333333333481e+00 1.264504876705454750e+00
2.343750000000000000e+00 1.210465709524791933e+00
2.354166666666666519e+00 1.158163371416434551e+00
2.364583333333333481e+00 1.107564905635348262e+00
2.375000000000000000e+00 1.058637285502593839e+00
2.385416666666666519e+00 1.011347430974457673e+00
2.395833333333333481e+00 9.656622254105666769e-01
2.406250000000000000e+00 9.215485323632490733e-01
2.416666666666666519e+00 8.789732124655345036e-01
2.427083333333333481e+00 8.379031412666128054e-01
2.437500000000000000e+00 7.983052256449862938e-01
2.447916666666666519e+00 7.601464217039600735e-01
2.458333333333333481e+00 7.233937521630027234e-01
2.468750000000000000e+00 6.880143239412219724e-01
2.479166666666666519e+00 6.539753458095290961e-01
2.489583333333333481e+00 6.212441460940658633e-01
2.500000000000000000e+00 5.897881904120951813e-01
2.510416666666666519e+00 5.595750994205598294e-01
2.520833333333333481e+00 5.305726665557105592e-01
2.531250000000000000e+00 5.027488757413444143e-01
2.541666666666666519e+00 4.760719190420240610e-01
2.552083333333333481e+00 4.505102142361327999e-01
2.562500000000000000e+00 4.260324222830627616e-01
2.572916666666666519e+00 4.026074646572578297e-01
2.583333333333333481e+00 3.802045405213432261e-01
2.593750000000000000e+00 3.587931437093384024e-01
2.604166666666666519e+00 3.383430794903837247e-01
2.614583333333333481e+00 3.188244810825803244e-01
2.625000000000000000e+00 3.002078258859822157e-01
2.635416666666666519e+00 2.824639514032818988e-01
2.645833333333333481e+00 2.655640708162766428e-01
2.656250000000000000e+00 2.494797881860945366e-01
2.666666666666666519e+00 2.341831132177094321e-01
2.677083333333333481e+00 2.196464757286669678e-01
2.687500000000000000e+00 2.058427393341783207e-01
2.697916666666666519e+00 1.927452149586245389e-01
2.708333333333333481e+00 1.803276736346845210e-01
2.718750000000000000e+00 1.685643587607672522e-01
2.729166666666666519e+00 1.574299978144524104e-01
2.739583333333333481e+00 1.468998133399810335e-01
2.750000000000000000e+00 1.369495333694996375e-01
2.760416666666666519e+00 1.275554011232336304e-01
2.770833333333333481e+00 1.186941840078301752e-01
2.781250000000000000e+00 1.103431818822713101e-01
2.791666666666666519e+00 1.024802345686222083e-01
2.802083333333333481e+00 9.508372858686048312e-02
2.812500000000000000e+00 8.813260309490007771e-02
2.822916666666666519e+00 8.160635501700949646e-02
2.833333333333333481e+00 7.548504334614652977e-02
2.843750000000000000e+00 6.974929260797207986e-02
2.854166666666666519e+00 6.438029547687210141e-02
2.864583333333333481e+00 5.935981453685777037e-02
2.875000000000000000e+00 5.467018318291833739e-02
2.885416666666666519e+00 5.029430566113932827e-02
2.895833333333333481e+00 4.621565624875214467e-02
2.906250000000000000e+00 4.241827757393536874e-02
2.916666666666666519e+00 3.888677810893615555e-02
2.927083333333333481e+00 3.560632877725582873e-02
2.937500000000000000e+00 3.256265878347965048e-02
2.947916666666666519e+00 2.974205060751829166e-02
2.958333333333333481e+00 2.713133421248602184e-02
2.968750000000000000e+00 2.471788048266998147e-02
2.979166666666666519e+00 2.248959391607261230e-02
2.989583333333333481e+00 2.043490459869126696e-02
3.000000000000000000e+00 1.854275949034879870e-02
3.010416666666666519e+00 1.680261305437993555e-02
3.020833333333333481e+00 1.520442137192262559e-02
3.031250000000000000e+00 1.373861103497487843e-02
3.041666666666666519e+00 1.239610908518857385e-02
3.052083333333333481e+00 1.116829032561964322e-02
3.062500000000000000e+00 1.004698576126115787e-02
3.072916666666666519e+00 9.024465984018369136e-03
3.083333333333333481e+00 8.093428289733962250e-03
3.093750000000000000e+00 7.246983467047956110e-03
3.104166666666666519e+00 6.478642304629966819e-03
3.114583333333333481e+00 5.782301863789100251e-03
3.125000000000000000e+00 5.152231563620601751e-03
3.135416666666666519e+00 4.583059125784260182e-03
3.145833333333333481e+00 4.069756425652061235e-03
3.156250000000000000e+00 3.607625295970343440e-03
3.166666666666666519e+00 3.192283328317392990e-03
3.177083333333333481e+00 2.819649716542301215e-03
3.187500000000000000e+00 2.485931185026690835e-03
3.197916666666666519e+00 2.187608043041214863e-03
3.208333333333333481e+00 1.921420404695615633e-03
3.218750000000000000e+00 1.684354611992789231e-03
3.229166666666666519e+00 1.473629896347151838e-03
3.239583333333333481e+00 1.286685311598205440e-03
3.250000000000000000e+00 1.121166969088931544e-03
3.260416666666666519e+00 9.749156027926437346e-04
3.270833333333333481e+00 8.459544897885172511e-04
3.281250000000000000e+00 7.324777486237143845e-04
3.291666666666666519e+00 6.328390352902297806e-04
3.302083333333333481e+00 5.455406537033712306e-04
3.312500000000000000e+00 4.692230947226641775e-04
3.322916666666666519e+00 4.026550149294905591e-04
3.333333333333333481e+00 3.447236635900035435e-04
3.343750000000000000e+00 2.944257635082532716e-04
3.354166666666666519e+00 2.508588488349757406e-04
3.364583333333333481e+00 2.132130603606576273e-04
3.375000000000000000e+00 1.807633964050089329e-04
3.385416666666666519e+00 1.528624210351501320e-04
3.395833333333333481e+00 1.289333607928688276e-04
3.406250000000000000e+00 1.084638540986942030e-04
3.416666666666666519e+00 9.099969119065290412e-05
3.427083333333333481e+00 7.613948203867337882e-05
3.437500000000000000e+00 6.352937261764976952e-05
3.447916666666666519e+00 5.285828204812146556e-05
3.458333333333333481e+00 4.385349077843398043e-05
3.468750000000000000e+00 3.627658475123762106e-05
3.479166666666666519e+00 2.991973859662522874e-05
3.489583333333333481e+00 2.460232038974969623e-05
3.500000000000000000e+00 2.016780017743447661e-05
3.510416666666666519e+00 1.648094430846676369e-05
3.520833333333333481e+00 1.342527758515834469e-05
3.531250000000000000e+00 1.090079537866694681e-05
3.541666666666666519e+00 8.821908105259653975e-06
3.552083333333333481e+00 7.115600832222887989e-06
3.562500000000000000e+00 5.719791257295747279e-06
3.572916666666666519e+00 4.581869870598901730e-06
3.583333333333333481e+00 3.657406749466720810e-06
3.593750000000000000e+00 2.909010140755516072e-06
3.604166666666666519e+00 2.305322738972197185e-06
3.614583333333333481e+00 1.820142359242051708e-06
3.625000000000000000e+00 1.431654519652195537e-06
3.635416666666666519e+00 1.121765276688791769e-06
3.645833333333333481e+00 8.755234899225947427e-07
3.656250000000000000e+00 6.806225184544145857e-07
3.666666666666666519e+00 5.269721635523828200e-07
3.677083333333333481e+00 4.063324621108173174e-07
3.687500000000000000e+00 3.120016978559219786e-07
3.697916666666666519e+00 2.385517264642864355e-07
3.708333333333333481e+00 1.816044028704430505e-07
3.718750000000000000e+00 1.376435509128176225e-07
3.729166666666666519e+00 1.038575249493161955e-07
3.739583333333333481e+00 7.800797886366343900e-08
3.750000000000000000e+00 5.832097947314856754e-08
3.760416666666666519e+00 4.339707891960361316e-08
3.770833333333333481e+00 3.213739497451815400e-08
3.781250000000000000e+00 2.368314062150175223e-08
3.791666666666666519e+00 1.736639652974250361e-08
3.802083333333333481e+00 1.267023416836757494e-08
3.812500000000000000e+00 9.196575657120796668e-09
3.822916666666666519e+00 6.640421500705762670e-09
3.833333333333333481e+00 4.769291715809429800e-09
3.843750000000000000e+00 3.406912176303759115e-09
3.854166666666666519e+00 2.420338906504500418e-09
3.864583333333333481e+00 1.709851119645734746e-09
3.875000000000000000e+00 1.201061507556597488e-09
3.885416666666666519e+00 8.387919911009711182e-10
3.895833333333333481e+00 5.823470443418775571e-10
3.906250000000000000e+00 4.018868504924106652e-10
3.916666666666666519e+00 2.756608041190527774e-10
3.927083333333333481e+00 1.879099353462914297e-10
3.937500000000000000e+00 1.272862165332360048e-10
3.947916666666666519e+00 8.566876822939791462e-11
3.958333333333333481e+00 5.728289464920894749e-11
3.968750000000000000e+00 3.804868212360131009e-11
3.979166666666666519e+00 2.510247833444383798e-11
3.989583333333333481e+00 1.644769802030095532e-11
