0.000000000000000000e+00 2.441241172949169119e-02
1.041666666666666609e-02 5.500359569996436937e-01
2.083333333333333218e-02 1.359084368469105186e+00
3.125000000000000000e-02 2.286513514643609746e+00
4.166666666666666435e-02 3.287057504961761634e+00
5.208333333333333565e-02 4.335459042728213142e+00
6.250000000000000000e-02 5.415110029449953011e+00
7.291666666666667129e-02 6.514106539007071817e+00
8.333333333333332871e-02 7.623453136764674731e+00
9.375000000000000000e-02 8.736109013922686017e+00
1.041666666666666713e-01 9.846426620594904477e+00
1.145833333333333287e-01 1.094979601133579905e+01
1.250000000000000000e-01 1.204240655986900244e+01
1.354166666666666574e-01 1.312108012314330630e+01
1.458333333333333426e-01 1.418314998951290740e+01
1.562500000000000000e-01 1.522637041444279760e+01
1.666666666666666574e-01 1.624884731135633587e+01
1.770833333333333426e-01 1.724898400856032055e+01
1.875000000000000000e-01 1.822543800878368003e+01
1.979166666666666574e-01 1.917708596083778616e+01
2.083333333333333426e-01 2.010299487925125561e+01
2.187500000000000000e-01 2.100239819884306769e+01
2.291666666666666574e-01 2.187467562803528054e+01
2.395833333333333426e-01 2.271933602788081430e+01
2.500000000000000000e-01 2.353600273118201613e+01
2.604166666666666852e-01 2.432440085186691192e+01
2.708333333333333148e-01 2.508434623468715330e+01
2.812500000000000000e-01 2.581573576986539464e+01
2.916666666666666852e-01 2.651853885370372765e+01
3.020833333333333148e-01 2.719278981925496907e+01
3.125000000000000000e-01 2.783858119461774194e+01
3.229166666666666852e-01 2.845605767223755223e+01
3.333333333333333148e-01 2.904541069341302872e+01
3.437500000000000000e-01 2.960687356832296402e+01
3.541666666666666852e-01 3.014071706505032466e+01
3.645833333333333148e-01 3.064724541167593586e+01
3.750000000000000000e-01 3.112679266402960110e+01
3.854166666666666852e-01 3.157971939878716938e+01
3.958333333333333148e-01 3.200640969736720365e+01
4.062500000000000000e-01 3.240726839087684397e+01
4.166666666666666852e-01 3.278271854036387367e+01
4.270833333333333148e-01 3.313319912996927030e+01
4.375000000000000000e-01 3.345916295340665414e+01
4.479166666666666852e-01 3.376107467656568417e+01
4.583333333333333148e-01 3.403940905073733347e+01
4.687500000000000000e-01 3.429464933535556526e+01
4.791666666666666852e-01 3.452728570129688990e+01
4.895833333333333148e-01 3.473781396572512392e+01
5.000000000000000000e-01 3.492673428723724527e+01
5.104166666666666297e-01 3.509455002969652782e+01
5.208333333333333703e-01 3.524176671462886645e+01
5.312500000000000000e-01 3.536889106547175032e+01
5.416666666666666297e-01 3.547643013725142680e+01
5.520833333333333703e-01 3.556489052584013422e+01
5.625000000000000000e-01 3.563477765143576192e+01
5.729166666666666297e-01 3.568659511133874673e+01
5.833333333333333703e-01 3.572084409749671607e+01
5.937500000000000000e-01 3.573802287462063987e+01
6.041666666666666297e-01 3.573862631498248277e+01
6.145833333333333703e-01 3.572314548626611241e+01
6.250000000000000000e-01 3.569206728908980608e+01
6.354166666666666297e-01 3.564587414100253682e+01
6.458333333333333703e-01 3.558504370395132099e+01
6.562500000000000000e-01 3.551004865236128438e+01
6.666666666666666297e-01 3.542135647909961449e+01
6.770833333333333703e-01 3.531942933669095197e+01
6.875000000000000000e-01 3.520472391124904021e+01
6.979166666666666297e-01 3.507769132662539846e+01
7.083333333333333703e-01 3.493877707633085805e+01
7.187500000000000000e-01 3.478842098079049094e+01
7.291666666666666297e-01 3.462705716748099860e+01
7.395833333333333703e-01 3.445511407147618854e+01
7.500000000000000000e-01 3.427301445385924694e+01
7.604166666666666297e-01 3.408117543539233196e+01
7.708333333333333703e-01 3.388000854272486606e+01
7.812500000000000000e-01 3.366991976430431066e+01
7.916666666666666297e-01 3.345130961300163364e+01
8.020833333333333703e-01 3.322457319230034045e+01
8.125000000000000000e-01 3.299010026271411533e+01
8.229166666666666297e-01 3.274827530490468774e+01
8.333333333333333703e-01 3.249947757574479112e+01
8.437500000000000000e-01 3.224408115339235081e+01
8.541666666666666297e-01 3.198245496719975023e+01
8.645833333333333703e-01 3.171496280811057389e+01
8.750000000000000000e-01 3.144196331502077513e+01
8.854166666666666297e-01 3.116380993245347852e+01
8.958333333333333703e-01 3.088085083482988580e+01
9.062500000000000000e-01 3.059342881262634251e+01
9.166666666666666297e-01 3.030188111581218635e+01
9.270833333333333703e-01 3.000653925020272439e+01
9.375000000000000000e-01 2.970772872273701282e+01
9.479166666666666297e-01 2.940576873226190813e+01
9.583333333333333703e-01 2.910097180315701237e+01
9.687500000000000000e-01 2.879364336015265025e+01
9.791666666666666297e-01 2.848408124392464202e+01
9.895833333333333703e-01 2.817257516857932487e+01
1.000000000000000000e+00 2.785940612392676030e+01
1.010416666666666741e+00 2.754484572750252980e+01
1.020833333333333259e+00 2.722915553359877094e+01
1.031250000000000000e+00 2.691258630907431382e+01
1.041666666666666741e+00 2.659537728836826886e+01
1.052083333333333259e+00 2.627775542284566512e+01
1.062500000000000000e+00 2.595993464226617320e+01
1.072916666666666741e+00 2.564211514863541197e+01
1.083333333333333259e+00 2.532448276483262362e+01
1.093750000000000000e+00 2.500720836203519326e+01
1.104166666666666741e+00 2.469044739090528395e+01
1.114583333333333259e+00 2.437433954159858729e+01
1.125000000000000000e+00 2.405900855674664740e+01
1.135416666666666741e+00 2.374456221953655799e+01
1.145833333333333259e+00 2.343109253578979789e+01
1.156250000000000000e+00 2.311867612452947895e+01
1.166666666666666741e+00 2.280737482597168153e+01
1.177083333333333259e+00 2.249723652935310270e+01
1.187500000000000000e+00 2.218829621572612965e+01
1.197916666666666741e+00 2.188057720204003331e+01
1.208333333333333259e+00 2.157409257377824474e+01
1.218750000000000000e+00 2.126884675538000025e+01
1.229166666666666741e+00 2.096483722215832302e+01
1.239583333333333259e+00 2.066205627544051282e+01
1.250000000000000000e+00 2.036049285982258539e+01
1.260416666666666741e+00 2.006013436863252508e+01
1.270833333333333259e+00 1.976096839217719747e+01
1.281250000000000000e+00 1.946298436400078913e+01
1.291666666666666741e+00 1.916617506404070781e+01
1.302083333333333259e+00 1.887053794294589437e+01
1.312500000000000000e+00 1.857607623860736723e+01
1.322916666666666741e+00 1.828279986376013611e+01
1.333333333333333259e+00 1.799072605191991769e+01
1.343750000000000000e+00 1.769987975746284192e+01
1.354166666666666741e+00 1.741029381392872466e+01
1.364583333333333259e+00 1.712200886222599649e+01
1.375000000000000000e+00 1.683507306704974482e+01
1.385416666666666741e+00 1.654954164524511029e+01
1.395833333333333259e+00 1.626547429563972003e+01
1.406250000000000000e+00 1.598294412884932747e+01
1.416666666666666741e+00 1.570201742481098606e+01
1.427083333333333259e+00 1.542277208993527005e+01
1.437500000000000000e+00 1.514528700452098775e+01
1.447916666666666741e+00 1.486964299312218607e+01
1.458333333333333259e+00 1.459592187568086885e+01
1.468750000000000000e+00 1.432420556016930213e+01
1.479166666666666741e+00 1.405457519547702283e+01
1.489583333333333259e+00 1.378711039938699301e+01
1.500000000000000000e+00 1.352188857259464783e+01
1.510416666666666741e+00 1.325898430596576105e+01
1.520833333333333259e+00 1.299846888472136008e+01
1.531250000000000000e+00 1.274040989006171465e+01
1.541666666666666741e+00 1.248487089596637212e+01
1.552083333333333259e+00 1.223191125658665968e+01
1.562500000000000000e+00 1.198158597757250377e+01
1.572916666666666741e+00 1.173394566380987314e+01
1.583333333333333259e+00 1.148903653407283620e+01
1.593750000000000000e+00 1.124690049349890053e+01
1.604166666666666741e+00 1.100757525398297254e+01
1.614583333333333259e+00 1.077109449290308341e+01
1.625000000000000000e+00 1.053748804095907055e+01
1.635416666666666741e+00 1.030678209053148819e+01
1.645833333333333259e+00 1.007899941676291000e+01
1.656250000000000000e+00 9.854159604482271462e+00
1.666666666666666741e+00 9.632279272610198007e+00
1.677083333333333259e+00 9.413372306876070184e+00
1.687500000000000000e+00 9.197450055285534276e+00
1.697916666666666741e+00 8.984521542576231923e+00
1.708333333333333259e+00 8.774593654259895459e+00
1.718750000000000000e+00 8.567671309241527311e+00
1.729166666666666741e+00 8.363757616824734953e+00
1.739583333333333259e+00 8.162854018082056129e+00
1.750000000000000000e+00 7.964960412024545633e+00
1.760416666666666741e+00 7.770075267347303694e+00
1.770833333333333259e+00 7.578195720776411903e+00
1.781250000000000000e+00 7.389317663197623176e+00
1.791666666666666741e+00 7.203435819798237993e+00
1.802083333333333259e+00 7.020543790723407618e+00
1.812500000000000000e+00 6.840634157827932604e+00
1.822916666666666741e+00 6.663698484820208989e+00
1.833333333333333259e+00 6.489727385769287871e+00
1.843750000000000000e+00 6.318710558625493690e+00
1.854166666666666741e+00 6.150636819395955968e+00
1.864583333333333259e+00 5.985494132756147501e+00
1.875000000000000000e+00 5.823269639736749603e+00
1.885416666666666741e+00 5.663949683022118542e+00
1.895833333333333259e+00 5.507519830304044461e+00
1.906250000000000000e+00 5.353964896054539402e+00
1.916666666666666741e+00 5.203268962009913956e+00
1.927083333333333259e+00 5.055415396602615630e+00
1.937500000000000000e+00 4.910386873525069085e+00
1.947916666666666741e+00 4.768165389575594659e+00
1.958333333333333259e+00 4.628732281900425072e+00
1.968750000000000000e+00 4.492068244724595871e+00
1.979166666666666741e+00 4.358153345644849352e+00
1.989583333333333259e+00 4.226967041541602299e+00
2.000000000000000000e+00 4.098488194162317910e+00
2.010416666666666519e+00 3.972695085405985704e+00
2.020833333333333481e+00 3.849565432355647410e+00
2.031250000000000000e+00 3.729076402078741026e+00
2.041666666666666519e+00 3.611204626225573922e+00
2.052083333333333481e+00 3.495926215449712604e+00
2.062500000000000000e+00 3.383216773672695687e+00
2.072916666666666519e+00 3.273051412214416978e+00
2.083333333333333481e+00 3.165404763809522404e+00
2.093750000000000000e+00 3.060250996529412237e+00
2.104166666666666519e+00 2.957563829200213767e+00
2.114583333333333481e+00 2.857316537336403339e+00
2.125000000000000000e+00 2.759481982602719263e+00
2.135416666666666519e+00 2.664032610831021497e+00
2.145833333333333481e+00 2.570940473598826603e+00
2.156250000000000000e+00 2.480177240392273497e+00
2.166666666666666519e+00 2.391714212366315095e+00
2.177083333333333481e+00 2.305522336146625939e+00
2.187500000000000000e+00 2.221572217687163953e+00
2.197916666666666519e+00 2.139834136197316994e+00
2.208333333333333481e+00 2.060278058151703284e+00
2.218750000000000000e+00 1.982873651394592818e+00
2.229166666666666519e+00 1.907590299351014096e+00
2.239583333333333481e+00 1.834397115354781782e+00
2.250000000000000000e+00 1.763262957103770345e+00
2.260416666666666519e+00 1.694156441251135403e+00
2.270833333333333481e+00 1.627045958141046356e+00
2.281250000000000000e+00 1.561899686695864542e+00
2.291666666666666519e+00 1.498685609461104074e+00
2.302083333333333481e+00 1.437371527813510630e+00
2.312500000000000000e+00 1.377925077336356052e+00
2.322916666666666519e+00 1.320313743365095549e+00
2.333333333333333481e+00 1.264504876705454750e+00
2.343750000000000000e+00 1.210465709524791933e+00
2.354166666666666519e+00 1.158163371416434551e+00
2.364583333333333481e+00 1.107564905635348262e+00
2.375000000000000000e+00 1.058637285502593839e+00
2.385416666666666519e+00 1.011347430974457673e+00
2.395833333333333481e+00 9.656622254105666769e-01
2.406250000000000000e+00 9.215485323632490733e-01
2.416666666666666519e+00 8.789732124655345036e-01
2.427083333333333481e+00 8.379031412666128054e-01
2.437500000000000000e+00 7.983052256449862938e-01
2.447916666666666519e+00 7.601464217039600735e-01
2.458333333333333481e+00 7.233937521630027234e-01
2.468750000000000000e+00 6.880143239412219724e-01
2.479166666666666519e+00 6.539753458095290961e-01
2.489583333333333481e+00 6.212441460940658633e-01
2.500000000000000000e+00 5.897881904120951813e-01
2.510416666666666519e+00 5.595750994205598294e-01
2.520833333333333481e+00 5.305726665557105592e-01
2.531250000000000000e+00 5.027488757413444143e-01
2.541666666666666519e+00 4.760719190420240610e-01
2.552083333333333481e+00 4.505102142361327999e-01
2.562500000000000000e+00 4.260324222830627616e-01
2.572916666666666519e+00 4.026074646572578297e-01
2.583333333333333481e+00 3.802045405213432261e-01
2.593750000000000000e+00 3.587931437093384024e-01
2.604166666666666519e+00 3.383430794903837247e-01
2.614583333333333481e+00 3.188244810825803244e-01
2.625000000000000000e+00 3.002078258859822157e-01
2.635416666666666519e+00 2.824639514032818988e-01
2.645833333333333481e+00 2.655640708162766428e-01
2.656250000000000000e+00 2.494797881860945366e-01
2.666666666666666519e+00 2.341831132177094321e-01
2.677083333333333481e+00 2.196464757286669678e-01
2.687500000000000000e+00 2.058427393341783207e-01
2.697916666666666519e+00 1.927452149586245389e-01
2.708333333333333481e+00 1.803276736346845210e-01
2.718750000000000000e+00 1.685643587607672522e-01
2.729166666666666519e+00 1.574299978144524104e-01
2.739583333333333481e+00 1.468998133399810335e-01
2.750000000000000000e+00 1.369495333694996375e-01
2.760416666666666519e+00 1.275554011232336304e-01
2.770833333333333481e+00 1.186941840078301752e-01
2.781250000000000000e+00 1.103431818822713101e-01
2.791666666666666519e+00 1.024802345686222083e-01
2.802083333333333481e+00 9.508372858686048312e-02
2.812500000000000000e+00 8.813260309490007771e-02
2.822916666666666519e+00 8.160635501700949646e-02
2.833333333333333481e+00 7.548504334614652977e-02
2.843750000000000000e+00 6.974929260797207986e-02
2.854166666666666519e+00 6.438029547687210141e-02
2.864583333333333481e+00 5.935981453685777037e-02
2.875000000000000000e+00 5.467018318291833739e-02
2.885416666666666519e+00 5.029430566113932827e-02
2.895833333333333481e+00 4.621565624875214467e-02
2.906250000000000000e+00 4.241827757393536874e-02
2.916666666666666519e+00 3.888677810893615555e-02
2.927083333333333481e+00 3.560632877725582873e-02
2.937500000000000000e+00 3.256265878347965048e-02
2.947916666666666519e+00 2.974205060751829166e-02
2.958333333333333481e+00 2.713133421248602184e-02
2.968750000000000000e+00 2.471788048266998147e-02
2.979166666666666519e+00 2.248959391607261230e-02
2.989583333333333481e+00 2.043490459869126696e-02
3.000000000000000000e+00 1.854275949034879870e-02
3.010416666666666519e+00 1.680261305437993555e-02
3.020833333333333481e+00 1.520442137192262559e-02
3.031250000000000000e+00 1.373861103497487843e-02
3.041666666666666519e+00 1.239610908518857385e-02
3.052083333333333481e+00 1.116829032561964322e-02
3.062500000000000000e+00 1.004698576126115787e-02
3.072916666666666519e+00 9.024465984018369136e-03
3.083333333333333481e+00 8.093428289733962250e-03
3.093750000000000000e+00 7.246983467047956110e-03
3.104166666666666519e+00 6.478642304629966819e-03
3.114583333333333481e+00 5.782301863789100251e-03
3.125000000000000000e+00 5.152231563620601751e-03
3.135416666666666519e+00 4.583059125784260182e-03
3.145833333333333481e+00 4.069756425652061235e-03
3.156250000000000000e+00 3.607625295970343440e-03
3.166666666666666519e+00 3.192283328317392990e-03
3.177083333333333481e+00 2.819649716542301215e-03
3.187500000000000000e+00 2.485931185026690835e-03
3.197916666666666519e+00 2.187608043041214863e-03
3.208333333333333481e+00 1.921420404695615633e-03
3.218750000000000000e+00 1.684354611992789231e-03
3.229166666666666519e+00 1.473629896347151838e-03
3.239583333333333481e+00 1.286685311598205440e-03
3.250000000000000000e+00 1.121166969088931544e-03
3.260416666666666519e+00 9.749156027926437346e-04
3.270833333333333481e+00 8.459544897885172511e-04
3.281250000000000000e+00 7.324777486237143845e-04
3.291666666666666519e+00 6.328390352902297806e-04
3.302083333333333481e+00 5.455406537033712306e-04
3.312500000000000000e+00 4.692230947226641775e-04
3.322916666666666519e+00 4.026550149294905591e-04
3.333333333333333481e+00 3.447236635900035435e-04
3.343750000000000000e+00 2.944257635082532716e-04
3.354166666666666519e+00 2.508588488349757406e-04
3.364583333333333481e+00 2.132130603606576273e-04
3.375000000000000000e+00 1.807633964050089329e-04
3.385416666666666519e+00 1.528624210351501320e-04
3.395833333333333481e+00 1.289333607928688276e-04
3.406250000000000000e+00 1.084638540986942030e-04
3.416666666666666519e+00 9.099969119065290412e-05
3.427083333333333481e+00 7.613948203867337882e-05
3.437500000000000000e+00 6.352937261764976952e-05
3.447916666666666519e+00 5.285828204812146556e-05
3.458333333333333481e+00 4.385349077843398043e-05
3.468750000000000000e+00 3.627658475123762106e-05
3.479166666666666519e+00 2.991973859662522874e-05
3.489583333333333481e+00 2.460232038974969623e-05
3.500000000000000000e+00 2.016780017743447661e-05
3.510416666666666519e+00 1.648094430846676369e-05
3.520833333333333481e+00 1.342527758515834469e-05
3.531250000000000000e+00 1.090079537866694681e-05
3.541666666666666519e+00 8.821908105259653975e-06
3.552083333333333481e+00 7.115600832222887989e-06
3.562500000000000000e+00 5.719791257295747279e-06
3.572916666666666519e+00 4.581869870598901730e-06
3.583333333333333481e+00 3.657406749466720810e-06
3.593750000000000000e+00 2.909010140755516072e-06
3.604166666666666519e+00 2.305322738972197185e-06
3.614583333333333481e+00 1.820142359242051708e-06
3.625000000000000000e+00 1.431654519652195537e-06
3.635416666666666519e+00 1.121765276688791769e-06
3.645833333333333481e+00 8.755234899225947427e-07
3.656250000000000000e+00 6.806225184544145857e-07
3.666666666666666519e+00 5.269721635523828200e-07
3.677083333333333481e+00 4.063324621108173174e-07
3.687500000000000000e+00 3.120016978559219786e-07
3.697916666666666519e+00 2.385517264642864355e-07
3.708333333333333481e+00 1.816044028704430505e-07
3.718750000000000000e+00 1.376435509128176225e-07
3.729166666666666519e+00 1.038575249493161955e-07
3.739583333333333481e+00 7.800797886366343900e-08
3.750000000000000000e+00 5.832097947314856754e-08
3.760416666666666519e+00 4.339707891960361316e-08
3.770833333333333481e+00 3.213739497451815400e-08
3.781250000000000000e+00 2.368314062150175223e-08
3.791666666666666519e+00 1.736639652974250361e-08
3.802083333333333481e+00 1.267023416836757494e-08
3.812500000000000000e+00 9.196575657120796668e-09
3.822916666666666519e+00 6.640421500705762670e-09
3.833333333333333481e+00 4.769291715809429800e-09
3.843750000000000000e+00 3.406912176303759115e-09
3.854166666666666519e+00 2.420338906504500418e-09
3.864583333333333481e+00 1.709851119645734746e-09
3.875000000000000000e+00 1.201061507556597488e-09
3.885416666666666519e+00 8.387919911009711182e-10
3.895833333333333481e+00 5.823470443418775571e-10
3.906250000000000000e+00 4.018868504924106652e-10
3.916666666666666519e+00 2.756608041190527774e-10
3.927083333333333481e+00 1.879099353462914297e-10
3.937500000000000000e+00 1.272862165332360048e-10
3.947916666666666519e+00 8.566876822939791462e-11
3.958333333333333481e+00 5.728289464920894749e-11
3.968750000000000000e+00 3.804868212360131009e-11
3.979166666666666519e+00 2.510247833444383798e-11
3.989583333333333481e+00 1.644769802030095532e-11
