0.000000000000000000e+00 2.168836439226306403e-05
5.208333333333333044e-03 5.859010231491683460e-04
1.041666666666666609e-02 2.331551496809428949e-03
1.562500000000000000e-02 5.218860952984620549e-03
2.083333333333333218e-02 9.229727444965172417e-03
2.604166666666666782e-02 1.434604242025648048e-02
3.125000000000000000e-02 2.054969550250297303e-02
3.645833333333333565e-02 2.782257917415732057e-02
4.166666666666666435e-02 3.614659335265442419e-02
4.687500000000000000e-02 4.550364985340750457e-02
5.208333333333333565e-02 5.587567673414035874e-02
5.729166666666666435e-02 6.724462251484743247e-02
6.250000000000000000e-02 7.959246026903579740e-02
6.770833333333332871e-02 9.290119158182535974e-02
7.291666666666667129e-02 1.071528503712713132e-01
7.812500000000000000e-02 1.223295065694698786e-01
8.333333333333332871e-02 1.384132696606339696e-01
8.854166666666667129e-02 1.553862920735820385e-01
9.375000000000000000e-02 1.732307724264312843e-01
9.895833333333332871e-02 1.919289586217804711e-01
1.041666666666666713e-01 2.114631507861034765e-01
1.093750000000000000e-01 2.318157040856567430e-01
1.145833333333333287e-01 2.529690313175633198e-01
1.197916666666666713e-01 2.749056054432184037e-01
1.250000000000000000e-01 2.976079618959705519e-01
1.302083333333333426e-01 3.210587007638450174e-01
1.354166666666666574e-01 3.452404888139257721e-01
1.406250000000000000e-01 3.701360613645928721e-01
1.458333333333333426e-01 3.957282240023295428e-01
1.510416666666666574e-01 4.219998541502943401e-01
1.562500000000000000e-01 4.489339024931762734e-01
1.614583333333333426e-01 4.765133942360465502e-01
1.666666666666666574e-01 5.047214302334970260e-01
1.718750000000000000e-01 5.335411879657028233e-01
1.770833333333333426e-01 5.629559223728703987e-01
1.822916666666666574e-01 5.929489665488109074e-01
1.875000000000000000e-01 6.235037322958418837e-01
1.927083333333333426e-01 6.546037105437806369e-01
1.979166666666666574e-01 6.862324716352415921e-01
2.031250000000000000e-01 7.183736654816191836e-01
2.083333333333333426e-01 7.510110215885305029e-01
2.135416666666666574e-01 7.841283489598251943e-01
2.187500000000000000e-01 8.177095358784076673e-01
2.239583333333333426e-01 8.517385495692864072e-01
2.291666666666666574e-01 8.861994357479630047e-01
2.343750000000000000e-01 9.210763180573168230e-01
2.395833333333333426e-01 9.563533973970533841e-01
2.447916666666666574e-01 9.920149511490434779e-01
2.500000000000000000e-01 1.028045332302325754e+00
2.552083333333333148e-01 1.064428968481781590e+00
2.604166666666666852e-01 1.101150360884227242e+00
2.656250000000000000e-01 1.138194083125763756e+00
2.708333333333333148e-01 1.175544780004720735e+00
2.760416666666666852e-01 1.213187166183876453e+00
2.812500000000000000e-01 1.251106024796343696e+00
2.864583333333333148e-01 1.289286205979020439e+00
2.916666666666666852e-01 1.327712625341554098e+00
2.968750000000000000e-01 1.366370262350173004e+00
3.020833333333333148e-01 1.405244158702604329e+00
3.072916666666666852e-01 1.444319416586808069e+00
3.125000000000000000e-01 1.483581196924761869e+00
3.177083333333333148e-01 1.523014717560878584e+00
3.229166666666666852e-01 1.562605251407834350e+00
3.281250000000000000e-01 1.602338124554149035e+00
3.333333333333333148e-01 1.642198714338013454e+00
3.385416666666666852e-01 1.682172447391338865e+00
3.437500000000000000e-01 1.722244797658740945e+00
3.489583333333333148e-01 1.762401284395725298e+00
3.541666666666666852e-01 1.802627470149668065e+00
3.593750000000000000e-01 1.842908958729859270e+00
3.645833333333333148e-01 1.883231393168355527e+00
3.697916666666666852e-01 1.923580453677924851e+00
3.750000000000000000e-01 1.963941855610578546e+00
3.802083333333333148e-01 2.004301347421187707e+00
3.854166666666666852e-01 2.044644708640448894e+00
3.906250000000000000e-01 2.084957747861398758e+00
3.958333333333333148e-01 2.125226300743977781e+00
4.010416666666666852e-01 2.165436228041694111e+00
4.062500000000000000e-01 2.205573413655024684e+00
4.114583333333333148e-01 2.245623762715295957e+00
4.166666666666666852e-01 2.285573199703707203e+00
4.218750000000000000e-01 2.325407666609796919e+00
4.270833333333333148e-01 2.365113121133410434e+00
4.322916666666666852e-01 2.404675534934463510e+00
4.375000000000000000e-01 2.444080891934889088e+00
4.427083333333333148e-01 2.483315186678022091e+00
4.479166666666666852e-01 2.522364422746537826e+00
4.531250000000000000e-01 2.561214611247915496e+00
4.583333333333333148e-01 2.599851759034825793e+00
4.635416666666666852e-01 2.638261918999913913e+00
4.687500000000000000e-01 2.676431085448599312e+00
4.739583333333333148e-01 2.714345296221598591e+00
4.791666666666666852e-01 2.751990579904884715e+00
4.843750000000000000e-01 2.789352965131314477e+00
4.895833333333333148e-01 2.826418479645780746e+00
4.947916666666666852e-01 2.863173149471122336e+00
5.000000000000000000e-01 2.899602998182292168e+00
5.052083333333333703e-01 2.935694046287114389e+00
5.104166666666666297e-01 2.971432310727491810e+00
5.156250000000000000e-01 3.006803804499202482e+00
5.208333333333333703e-01 3.041794536398548132e+00
5.260416666666666297e-01 3.076390510900538722e+00
5.312500000000000000e-01 3.110577728173883116e+00
5.364583333333333703e-01 3.144342184238728244e+00
5.416666666666666297e-01 3.177669871272649438e+00
5.468750000000000000e-01 3.210546778070648255e+00
5.520833333333333703e-01 3.242958890666992389e+00
5.572916666666666297e-01 3.274892193120910289e+00
5.625000000000000000e-01 3.306332668478282333e+00
5.677083333333333703e-01 3.337266299911717304e+00
5.729166666666666297e-01 3.367679072048232580e+00
5.781250000000000000e-01 3.397556972490649141e+00
5.833333333333333703e-01 3.426885993540972120e+00
5.885416666666666297e-01 3.455652134132970232e+00
5.937500000000000000e-01 3.483841401982327834e+00
5.989583333333333703e-01 3.511439815962595912e+00
6.041666666666666297e-01 3.538433408715728312e+00
6.093750000000000000e-01 3.564808229506234216e+00
6.145833333333333703e-01 3.590550347327781111e+00
6.197916666666666297e-01 3.615645854273686233e+00
6.250000000000000000e-01 3.640080869178913492e+00
6.302083333333333703e-01 3.663841541545899361e+00
6.354166666666666297e-01 3.686914055764795251e+00
6.406250000000000000e-01 3.709284635638980365e+00
6.458333333333333703e-01 3.730939549227959340e+00
6.510416666666666297e-01 3.751865114019709235e+00
6.562500000000000000e-01 3.772047702445091577e+00
6.614583333333333703e-01 3.791473747747269751e+00
6.666666666666666297e-01 3.810129750220372369e+00
6.718750000000000000e-01 3.828002283827959040e+00
6.770833333333333703e-01 3.845078003223670660e+00
6.822916666666666297e-01 3.861343651178341219e+00
6.875000000000000000e-01 3.876786066436563427e+00
6.927083333333333703e-01 3.891392192015406426e+00
6.979166666666666297e-01 3.905149083961746204e+00
7.031250000000000000e-01 3.918043920584655115e+00
7.083333333333333703e-01 3.930064012179560251e+00
7.135416666666666297e-01 3.941196811261417743e+00
7.187500000000000000e-01 3.951429923324370819e+00
7.239583333333333703e-01 3.960751118143980065e+00
7.291666666666666297e-01 3.969148341643747191e+00
7.343750000000000000e-01 3.976609728338860617e+00
7.395833333333333703e-01 3.983123614378428101e+00
7.447916666666666297e-01 3.988678551203273415e+00
7.500000000000000000e-01 3.993263319836804826e+00
7.552083333333333703e-01 3.996866945826987649e+00
7.604166666666666297e-01 3.999478714856370853e+00
7.656250000000000000e-01 4.001088189037290022e+00
7.708333333333333703e-01 4.001685223908217459e+00
7.760416666666666297e-01 4.001259986146801673e+00
7.812500000000000000e-01 3.999802972014460334e+00
7.864583333333333703e-01 3.997305026545567852e+00
7.916666666666666297e-01 3.993757363493795509e+00
7.968750000000000000e-01 3.989151586046085995e+00
8.020833333333333703e-01 3.983479708313323542e+00
8.072916666666666297e-01 3.976734147420634358e+00
8.125000000000000000e-01 3.968907897489719616e+00
8.177083333333333703e-01 3.959994251652034780e+00
8.229166666666666297e-01 3.949987128530915381e+00
8.281250000000000000e-01 3.938880946749868439e+00
8.333333333333333703e-01 3.926670681322521173e+00
8.385416666666666297e-01 3.913351890625191398e+00
8.437500000000000000e-01 3.898920744120183191e+00
8.489583333333333703e-01 3.883374050808955591e+00
8.541666666666666297e-01 3.866709288389648336e+00
8.593750000000000000e-01 3.848924633087416947e+00
8.645833333333333703e-01 3.830018990119844702e+00
8.697916666666666297e-01 3.809992024753704243e+00
8.750000000000000000e-01 3.788844193901439894e+00
8.802083333333333703e-01 3.766576778198943209e+00
8.854166666666666297e-01 3.743191914497552286e+00
8.906250000000000000e-01 3.718692628695127400e+00
8.958333333333333703e-01 3.693082868821484510e+00
9.010416666666666297e-01 3.666367538284518002e+00
9.062500000000000000e-01 3.638552529172877747e+00
9.114583333333333703e-01 3.609644755500792446e+00
9.166666666666666297e-01 3.579652186270035674e+00
9.218750000000000000e-01 3.548583878212439924e+00
9.270833333333333703e-01 3.516450008065274968e+00
9.322916666666666297e-01 3.483261904219677962e+00
9.375000000000000000e-01 3.449032077570893140e+00
9.427083333333333703e-01 3.413774251386666680e+00
9.479166666666666297e-01 3.377503389998415262e+00
9.531250000000000000e-01 3.340235726107877223e+00
9.583333333333333703e-01 3.301988786490490213e+00
9.635416666666666297e-01 3.262781415865225743e+00
9.687500000000000000e-01 3.222633798690440532e+00
9.739583333333333703e-01 3.181567478634856005e+00
9.791666666666666297e-01 3.139605375464163739e+00
9.843750000000000000e-01 3.096771799075476395e+00
9.895833333333333703e-01 3.053092460405212094e+00
9.947916666666666297e-01 3.008594478930974425e+00
1.000000000000000000e+00 2.963306386484358956e+00
1.005208333333333259e+00 2.917258127089894515e+00
1.010416666666666741e+00 2.870481052546576706e+00
1.015625000000000000e+00 2.823007913470596097e+00
1.020833333333333259e+00 2.774872845524587461e+00
1.026041666666666741e+00 2.726111350566172931e+00
1.031250000000000000e+00 2.676760272461224943e+00
1.036458333333333259e+00 2.626857767321276960e+00
1.041666666666666741e+00 2.576443267943383741e+00
1.046875000000000000e+00 2.525557442252418294e+00
1.052083333333333259e+00 2.474242145571268203e+00
1.057291666666666741e+00 2.422540366573990411e+00
1.062500000000000000e+00 2.370496166809998861e+00
1.067708333333333259e+00 2.318154613724240143e+00
1.072916666666666741e+00 2.265561707139212455e+00
1.078125000000000000e+00 2.212764299208679120e+00
1.083333333333333259e+00 2.159810007900704321e+00
1.088541666666666741e+00 2.106747124118309777e+00
1.093750000000000000e+00 2.053624512619754316e+00
1.098958333333333259e+00 2.000491506955934806e+00
1.104166666666666741e+00 1.947397798700877924e+00
1.109375000000000000e+00 1.894393321309686185e+00
1.114583333333333259e+00 1.841528128998772385e+00
1.119791666666666741e+00 1.788852271102866709e+00
1.125000000000000000e+00 1.736415662422521100e+00
1.130208333333333259e+00 1.684267950133641945e+00
1.135416666666666741e+00 1.632458377886021328e+00
1.140625000000000000e+00 1.581035647770100638e+00
1.145833333333333259e+00 1.530047780879597585e+00
1.151041666666666741e+00 1.479541977240772077e+00
1.156250000000000000e+00 1.429564475917263433e+00
1.161458333333333259e+00 1.380160416130167933e+00
1.166666666666666741e+00 1.331373700257283854e+00
1.171875000000000000e+00 1.283246859591431477e+00
1.177083333333333259e+00 1.235820923745044375e+00
1.182291666666666741e+00 1.189135294587071900e+00
1.187500000000000000e+00 1.143227625587117213e+00
1.192708333333333259e+00 1.098133707421354188e+00
1.197916666666666741e+00 1.053887359572508453e+00
1.203125000000000000e+00 1.010520336354481241e+00
1.208333333333333259e+00 9.680622251595732974e-01
1.213541666666666741e+00 9.265403758354239239e-01
1.218750000000000000e+00 8.859798235731809468e-01
1.223958333333333259e+00 8.464032287812935929e-01
1.229166666666666741e+00 8.078308267545952770e-01
1.234375000000000000e+00 7.702803885991589272e-01
1.239583333333333259e+00 7.337671936891555502e-01
1.244791666666666741e+00 6.983040138360600002e-01
1.250000000000000000e+00 6.639011092522573154e-01
1.255208333333333259e+00 6.305662362915541719e-01
1.260416666666666741e+00 5.983046668497935539e-01
1.265625000000000000e+00 5.671192192107472607e-01
1.270833333333333259e+00 5.370103000272848925e-01
1.276041666666666741e+00 5.079759570365801613e-01
1.281250000000000000e+00 4.800119420219952082e-01
1.286458333333333259e+00 4.531117834544146072e-01
1.291666666666666741e+00 4.272668681730466544e-01
1.296875000000000000e+00 4.024665314010987260e-01
1.302083333333333259e+00 3.786981543355517066e-01
1.307291666666666741e+00 3.559472685036417783e-01
1.312500000000000000e+00 3.341976660413465972e-01
1.317708333333333259e+00 3.134315150218308643e-01
1.322916666666666741e+00 2.936294789443418818e-01
1.328125000000000000e+00 2.747708394863148107e-01
1.333333333333333259e+00 2.568336216232205982e-01
1.338541666666666741e+00 2.397947202317722848e-01
1.343750000000000000e+00 2.236300273116645365e-01
1.348958333333333259e+00 2.083145589887325511e-01
1.354166666666666741e+00 1.938225814974943728e-01
1.359375000000000000e+00 1.801277353826266914e-01
1.364583333333333259e+00 1.672031572063024107e-01
1.369791666666666741e+00 1.550215981006066168e-01
1.375000000000000000e+00 1.435555385604398160e-01
1.380208333333333259e+00 1.327772989317282937e-01
1.385416666666666741e+00 1.226591451112888920e-01
1.390625000000000000e+00 1.131733894797056078e-01
1.395833333333333259e+00 1.042905453279968780e-01
1.401041666666666741e+00 9.598911178090670238e-02
1.406250000000000000e+00 8.823626947199840476e-02
1.411458333333333259e+00 8.100734234066306327e-02
1.416666666666666741e+00 7.427617608626585488e-02
1.421875000000000000e+00 6.801714035903499989e-02
1.427083333333333259e+00 6.220518622806726211e-02
1.432291666666666741e+00 5.681589725983655220e-02
1.437500000000000000e+00 5.182553429843175796e-02
1.442708333333333259e+00 4.721107408036464420e-02
1.447916666666666741e+00 4.295024185428610725e-02
1.453125000000000000e+00 3.902153820923410371e-02
1.458333333333333259e+00 3.540426034411749134e-02
1.463541666666666741e+00 3.207851803603190693e-02
1.468750000000000000e+00 2.902524458576070943e-02
1.473958333333333259e+00 2.622620303559311181e-02
1.479166666666666741e+00 2.366398796752741326e-02
1.484375000000000000e+00 2.132202319919137765e-02
1.489583333333333259e+00 1.918455570064324031e-02
1.494791666666666741e+00 1.723664605782668224e-02
1.500000000000000000e+00 1.546415580808804813e-02
1.505208333333333259e+00 1.385373197008231937e-02
1.510416666666666741e+00 1.239278908485866131e-02
1.515625000000000000e+00 1.106948907718154247e-02
1.520833333333333259e+00 9.872719236481598479e-03
1.526041666666666741e+00 8.792068605493004799e-03
1.531250000000000000e+00 7.817803051875550635e-03
1.536458333333333259e+00 6.940839284177984826e-03
1.541666666666666741e+00 6.152718058619190827e-03
1.546875000000000000e+00 5.445576835022198671e-03
1.552083333333333259e+00 4.812121930040333742e-03
1.557291666666666741e+00 4.245600786157577820e-03
1.562500000000000000e+00 3.739773973912308928e-03
1.567708333333333259e+00 3.288887517519578727e-03
1.572916666666666741e+00 2.887645522224828801e-03
1.578125000000000000e+00 2.531183264225098616e-03
1.583333333333333259e+00 2.215040859947686996e-03
1.588541666666666741e+00 1.935137616274540699e-03
1.593750000000000000e+00 1.687747148700567560e-03
1.598958333333333259e+00 1.469473340496814774e-03
1.604166666666666741e+00 1.277227202769655370e-03
1.609375000000000000e+00 1.108204682917258771e-03
1.614583333333333259e+00 9.598654574181739348e-04
1.619791666666666741e+00 8.299127341712407612e-04
1.625000000000000000e+00 7.162740797531571288e-04
1.630208333333333259e+00 6.170832779761745634e-04
1.635416666666666741e+00 5.306632180094354940e-04
1.640625000000000000e+00 4.555098030602488797e-04
1.645833333333333259e+00 3.902768641776382507e-04
1.651041666666666741e+00 3.337620581144193441e-04
1.656250000000000000e+00 2.848937233340737745e-04
1.661458333333333259e+00 2.427156582514600224e-04
1.666666666666666741e+00 2.063883561397803488e-04
1.671875000000000000e+00 1.751588435959522004e-04
1.677083333333333259e+00 1.483647927951442080e-04
1.682291666666666741e+00 1.254220552015100631e-04
1.687500000000000000e+00 1.058165381349331714e-04
1.692708333333333259e+00 8.909677935346671984e-05
1.697916666666666741e+00 7.486717798011510217e-05
1.703125000000000000e+00 6.278184032879563731e-05
1.708333333333333259e+00 5.253899974307987017e-05
1.713541666666666741e+00 4.387597040807245005e-05
1.718750000000000000e+00 3.656459618815082678e-05
1.723958333333333259e+00 3.040715684096724825e-05
1.729166666666666741e+00 2.523269542328952927e-05
1.734375000000000000e+00 2.089373230165509414e-05
1.739583333333333259e+00 1.726333287795444614e-05
1.744791666666666741e+00 1.423249790724980339e-05
1.750000000000000000e+00 1.170784709552215029e-05
1.755208333333333259e+00 9.609568494604849847e-06
1.760416666666666741e+00 7.869608039140196708e-06
1.765625000000000000e+00 6.430075377440747244e-06
1.770833333333333259e+00 5.241843918824859118e-06
1.776041666666666741e+00 4.263324740945118381e-06
1.781250000000000000e+00 3.459395660796810035e-06
1.786458333333333259e+00 2.800468363664617441e-06
1.791666666666666741e+00 2.261677998415113805e-06
1.796875000000000000e+00 1.822181080285959040e-06
1.802083333333333259e+00 1.464548890352061216e-06
1.807291666666666741e+00 1.174244822317643794e-06
1.812500000000000000e+00 9.391753016508306003e-07
1.817708333333333259e+00 7.493049899277510165e-07
1.822916666666666741e+00 5.963279901304606578e-07
1.828125000000000000e+00 4.733876888837385476e-07
1.833333333333333259e+00 3.748387122201982053e-07
1.838541666666666741e+00 2.960452359368065089e-07
1.843750000000000000e+00 2.332105838508620712e-07
1.848958333333333259e+00 1.832336714574326613e-07
1.854166666666666741e+00 1.435884129900956084e-07
1.859375000000000000e+00 1.122227111374908866e-07
1.864583333333333259e+00 8.747409513063151901e-08
1.869791666666666741e+00 6.799946899836500761e-08
1.875000000000000000e+00 5.271678179634964675e-08
1.880208333333333259e+00 4.075673970485512371e-08
1.885416666666666741e+00 3.142295003771858243e-08
1.890625000000000000e+00 2.415912317519428383e-08
1.895833333333333259e+00 1.852216376782926643e-08
1.901041666666666741e+00 1.416016055910526649e-08
1.906250000000000000e+00 1.079443789968311492e-08
1.911458333333333259e+00 8.204964289263412258e-09
1.916666666666666741e+00 6.218526654880634239e-09
1.921875000000000000e+00 4.699175893162492213e-09
1.927083333333333259e+00 3.540531578785019726e-09
1.932291666666666741e+00 2.659603566950006181e-09
1.937500000000000000e+00 1.991847186722674841e-09
1.942708333333333259e+00 1.487218338098406285e-09
1.947916666666666741e+00 1.107036397659317534e-09
1.953125000000000000e+00 8.214975741816399853e-10
1.958333333333333259e+00 6.077102590549141833e-10
1.963541666666666741e+00 4.481478771417326228e-10
1.968750000000000000e+00 3.294345332128003482e-10
1.973958333333333259e+00 2.413950326885931599e-10
1.979166666666666741e+00 1.763142042586824675e-10
1.984375000000000000e+00 1.283613540688116329e-10
1.989583333333333259e+00 9.314455167011394018e-11
1.994791666666666741e+00 6.736663829586365470e-11
