0.000000000000000000e+00 0.000000000000000000e+00
1.568627450980392135e-02 5.277750390502746747e-01
3.137254901960784270e-02 1.230826169729224429e+00
4.705882352941176405e-02 1.987453018840557917e+00
6.274509803921568540e-02 2.761196214988765441e+00
7.843137254901960675e-02 3.533053490190145585e+00
9.411764705882352811e-02 4.291535183043620805e+00
1.098039215686274495e-01 5.029208883377463302e+00
1.254901960784313708e-01 5.741119525067822416e+00
1.411764705882352922e-01 6.423945332862985858e+00
1.568627450980392135e-01 7.075498347976149738e+00
1.725490196078431349e-01 7.694406618384278751e+00
1.882352941176470562e-01 8.279900755535638979e+00
2.039215686274509776e-01 8.831664502202935196e+00
2.196078431372548989e-01 9.349726636627886833e+00
2.352941176470588203e-01 9.834380705270168832e+00
2.509803921568627416e-01 1.028612414408617504e+01
2.666666666666666630e-01 1.070561130085033597e+01
2.823529411764705843e-01 1.109361666869914842e+01
2.980392156862745057e-01 1.145100577729979818e+01
3.137254901960784270e-01 1.177871192972025227e+01
3.294117647058823484e-01 1.207771747099253190e+01
3.450980392156862697e-01 1.234903861698120942e+01
3.607843137254901911e-01 1.259371311314175479e+01
3.764705882352941124e-01 1.281279016557313710e+01
3.921568627450980338e-01 1.300732221290060231e+01
4.078431372549019551e-01 1.317835820104640021e+01
4.235294117647058765e-01 1.332693809328876000e+01
4.392156862745097978e-01 1.345408840161124253e+01
4.549019607843137192e-01 1.356081856667822549e+01
4.705882352941176405e-01 1.364811804599436762e+01
4.862745098039215619e-01 1.371695399517746949e+01
5.019607843137254832e-01 1.376826944743603676e+01
5.176470588235294601e-01 1.380298191250123274e+01
5.333333333333333259e-01 1.382198232931450832e+01
5.490196078431373028e-01 1.382613431739092213e+01
5.647058823529411686e-01 1.381627368047567117e+01
5.803921568627451455e-01 1.379320812327941326e+01
5.960784313725490113e-01 1.375771714801974177e+01
6.117647058823529882e-01 1.371055210244794154e+01
6.274509803921568540e-01 1.365243635518685750e+01
6.431372549019608309e-01 1.358406557769481715e+01
6.588235294117646967e-01 1.350610811511843501e+01
6.745098039215686736e-01 1.341920543079762496e+01
6.901960784313725394e-01 1.332397261131515620e+01
7.058823529411765163e-01 1.322099892080146688e+01
7.215686274509803821e-01 1.311084839476391473e+01
7.372549019607843590e-01 1.299406046504861933e+01
7.529411764705882248e-01 1.287115060869686189e+01
7.686274509803922017e-01 1.274261101445435074e+01
7.843137254901960675e-01 1.260891126155435948e+01
8.000000000000000444e-01 1.247049900614342199e+01
8.156862745098039102e-01 1.232780067136838831e+01
8.313725490196078871e-01 1.218122213770890738e+01
8.470588235294117530e-01 1.203114943063218867e+01
8.627450980392157298e-01 1.187794940307675340e+01
8.784313725490195957e-01 1.172197041064718626e+01
8.941176470588235725e-01 1.156354297772990947e+01
9.098039215686274384e-01 1.140298045302705532e+01
9.254901960784314152e-01 1.124057965325613218e+01
9.411764705882352811e-01 1.107662149398319151e+01
9.568627450980392579e-01 1.091137160674899675e+01
9.725490196078431238e-01 1.074508094181595474e+01
9.882352941176471006e-01 1.057798635601065129e+01
1.003921568627450966e+00 1.041031118526496790e+01
1.019607843137254832e+00 1.024226580157113453e+01
1.035294117647058920e+00 1.007404815416367860e+01
1.050980392156862786e+00 9.905844294826220420e+00
1.066666666666666652e+00 9.737828887295007618e+00
1.082352941176470518e+00 9.570165700794969865e+00
1.098039215686274606e+00 9.403008087799364034e+00
1.113725490196078471e+00 9.236499446151597681e+00
1.129411764705882337e+00 9.070773665728459889e+00
1.145098039215686203e+00 8.905955559858790949e+00
1.160784313725490291e+00 8.742161281740784773e+00
1.176470588235294157e+00 8.579498726125903474e+00
1.192156862745098023e+00 8.418067916557705033e+00
1.207843137254901889e+00 8.257961378470712432e+00
1.223529411764705976e+00 8.099264498467974249e+00
1.239215686274509842e+00 7.942055870106537796e+00
1.254901960784313708e+00 7.786407626528213832e+00
1.270588235294117574e+00 7.632385760278887155e+00
1.286274509803921662e+00 7.480050430663570005e+00
1.301960784313725528e+00 7.329456258986480677e+00
1.317647058823529393e+00 7.180652612026310777e+00
1.333333333333333259e+00 7.033683874096044342e+00
1.349019607843137347e+00 6.888589708035088854e+00
1.364705882352941213e+00 6.745405305478544555e+00
1.380392156862745079e+00 6.604161626745060687e+00
1.396078431372548945e+00 6.464885630680095474e+00
1.411764705882353033e+00 6.327600494786698171e+00
1.427450980392156898e+00 6.192325825970177000e+00
1.443137254901960764e+00 6.059077862217247201e+00
1.458823529411764630e+00 5.927869665523727072e+00
1.474509803921568718e+00 5.798711306378408814e+00
1.490196078431372584e+00 5.671610040103656658e+00
1.505882352941176450e+00 5.546570475346337403e+00
1.521568627450980316e+00 5.423594735005345058e+00
1.537254901960784403e+00 5.302682609874795006e+00
1.552941176470588269e+00 5.183831705274404733e+00
1.568627450980392135e+00 5.067037580931218699e+00
1.584313725490196001e+00 4.952293884369456833e+00
1.600000000000000089e+00 4.839592478057721969e+00
1.615686274509803955e+00 4.728923560555505112e+00
1.631372549019607820e+00 4.620275781893576017e+00
1.647058823529411686e+00 4.513636353415644287e+00
1.662745098039215774e+00 4.408991152301468652e+00
1.678431372549019640e+00 4.306324820984578139e+00
1.694117647058823506e+00 4.205620861670861466e+00
1.709803921568627372e+00 4.106861726157432280e+00
1.725490196078431460e+00 4.010028901144508495e+00
1.741176470588235325e+00 3.915102989226536767e+00
1.756862745098039191e+00 3.822063785742356945e+00
1.772549019607843057e+00 3.730890351657972115e+00
1.788235294117647145e+00 3.641561082649368064e+00
1.803921568627451011e+00 3.554053774546962696e+00
1.819607843137254877e+00 3.468345685297256065e+00
1.835294117647058743e+00 3.384413593591887537e+00
1.850980392156862830e+00 3.302233854308597838e+00
1.866666666666666696e+00 3.221782450903355688e+00
1.882352941176470562e+00 3.143035044887701801e+00
1.898039215686274428e+00 3.065967022520323493e+00
1.913725490196078516e+00 2.990553538837016578e+00
1.929411764705882382e+00 2.916769559138409740e+00
1.945098039215686248e+00 2.844589898050315924e+00
1.960784313725490113e+00 2.773989256267032744e+00
1.976470588235294201e+00 2.704942255083695901e+00
1.992156862745098067e+00 2.637423468819598771e+00
2.007843137254901933e+00 2.571407455230337646e+00
2.023529411764705799e+00 2.506868784002798112e+00
2.039215686274509665e+00 2.443782063423218798e+00
2.054901960784313530e+00 2.382121965304905054e+00
2.070588235294117840e+00 2.321863248258709156e+00
2.086274509803921706e+00 2.262980779385960872e+00
2.101960784313725572e+00 2.205449554470291673e+00
2.117647058823529438e+00 2.149244716741650407e+00
2.133333333333333304e+00 2.094341574282706731e+00
2.149019607843137170e+00 2.040715616145010625e+00
2.164705882352941035e+00 1.988342527239355340e+00
2.180392156862744901e+00 1.937198202062109909e+00
2.196078431372549211e+00 1.887258757316692348e+00
2.211764705882353077e+00 1.838500543486777605e+00
2.227450980392156943e+00 1.790900155415419137e+00
2.243137254901960809e+00 1.744434441941966618e+00
2.258823529411764675e+00 1.699080514646372775e+00
2.274509803921568540e+00 1.654815755748284545e+00
2.290196078431372406e+00 1.611617825206333565e+00
2.305882352941176272e+00 1.569464667060932017e+00
2.321568627450980582e+00 1.528334515062015786e+00
2.337254901960784448e+00 1.488205897621322826e+00
2.352941176470588314e+00 1.449057642126996948e+00
2.368627450980392180e+00 1.410868878656624581e+00
2.384313725490196045e+00 1.373619043123144534e+00
2.399999999999999911e+00 1.337287879886534636e+00
2.415686274509803777e+00 1.301855443862639516e+00
2.431372549019607643e+00 1.267302102159058919e+00
2.447058823529411953e+00 1.233608535266630168e+00
2.462745098039215819e+00 1.200755737833719694e+00
2.478431372549019684e+00 1.168725019049202007e+00
2.494117647058823550e+00 1.137498002658870577e+00
2.509803921568627416e+00 1.107056626638738273e+00
2.525490196078431282e+00 1.077383142547660100e+00
2.541176470588235148e+00 1.048460114580546998e+00
2.556862745098039014e+00 1.020270418342462682e+00
2.572549019607843324e+00 9.927972393628663461e-01
2.588235294117647189e+00 9.660240713683352354e-01
2.603921568627451055e+00 9.399347143311774788e-01
2.619607843137254921e+00 9.145132723104808514e-01
2.635294117647058787e+00 8.897441511013132187e-01
2.650980392156862653e+00 8.656120557069834076e-01
2.666666666666666519e+00 8.421019876485096312e-01
2.682352941176470384e+00 8.191992421247232814e-01
2.698039215686274694e+00 7.968894050357159253e-01
2.713725490196078560e+00 7.751583498817040674e-01
2.729411764705882426e+00 7.539922345486977928e-01
2.745098039215686292e+00 7.333774979918119552e-01
2.760784313725490158e+00 7.133008568264065374e-01
2.776470588235294024e+00 6.937493018367554276e-01
2.792156862745097889e+00 6.747100944113575416e-01
2.807843137254901755e+00 6.561707629135177244e-01
2.823529411764706065e+00 6.381190989953534620e-01
2.839215686274509931e+00 6.205431538628872756e-01
2.854901960784313797e+00 6.034312344994806621e-01
2.870588235294117663e+00 5.867718998544143583e-01
2.886274509803921529e+00 5.705539570030430108e-01
2.901960784313725394e+00 5.547664572845460995e-01
2.917647058823529260e+00 5.393986924229540181e-01
2.933333333333333126e+00 5.244401906367648358e-01
2.949019607843137436e+00 5.098807127421469687e-01
2.964705882352941302e+00 4.957102482544036293e-01
2.980392156862745168e+00 4.819190114920676726e-01
2.996078431372549034e+00 4.684974376877289459e-01
3.011764705882352899e+00 4.554361791094061473e-01
3.027450980392156765e+00 4.427261011960233472e-01
3.043137254901960631e+00 4.303582787103096274e-01
3.058823529411764497e+00 4.183239919122023198e-01
3.074509803921568807e+00 4.066147227556141663e-01
3.090196078431372673e+00 3.952221511112152252e-01
3.105882352941176539e+00 3.841381510176740122e-01
3.121568627450980404e+00 3.733547869636282268e-01
3.137254901960784270e+00 3.628643102024551315e-01
3.152941176470588136e+00 3.526591551017559945e-01
3.168627450980392002e+00 3.427319355293049208e-01
3.184313725490195868e+00 3.330754412770495221e-01
3.200000000000000178e+00 3.236826345246224812e-01
3.215686274509804043e+00 3.145466463436700777e-01
3.231372549019607909e+00 3.056607732441820047e-01
3.247058823529411775e+00 2.970184737638847383e-01
3.262745098039215641e+00 2.886133651016413171e-01
3.278431372549019507e+00 2.804392197956903643e-01
3.294117647058823373e+00 2.724899624474604320e-01
3.309803921568627239e+00 2.647596664915904952e-01
3.325490196078431548e+00 2.572425510126955528e-01
3.341176470588235414e+00 2.499329776093437150e-01
3.356862745098039280e+00 2.428254473056066787e-01
3.372549019607843146e+00 2.359145975104878501e-01
3.388235294117647012e+00 2.291951990254571803e-01
3.403921568627450878e+00 2.226621531002417886e-01
3.419607843137254743e+00 2.163104885369786512e-01
3.435294117647058609e+00 2.101353588427535279e-01
3.450980392156862919e+00 2.041320394305199404e-01
3.466666666666666785e+00 1.982959248683128783e-01
3.482352941176470651e+00 1.926225261766487395e-01
3.498039215686274517e+00 1.871074681739387513e-01
3.513725490196078383e+00 1.817464868697152292e-01
3.529411764705882248e+00 1.765354269054164593e-01
3.545098039215686114e+00 1.714702390424584499e-01
3.560784313725489980e+00 1.665469776972662574e-01
3.576470588235294290e+00 1.617617985229263255e-01
3.592156862745098156e+00 1.571109560370805847e-01
3.607843137254902022e+00 1.525908012956579962e-01
3.623529411764705888e+00 1.481977796120235724e-01
3.639215686274509753e+00 1.439284283210869875e-01
3.654901960784313619e+00 1.397793745879129801e-01
3.670588235294117485e+00 1.357473332603335858e-01
3.686274509803921351e+00 1.318291047650706760e-01
3.701960784313725661e+00 1.280215730468388380e-01
3.717647058823529527e+00 1.243217035499048911e-01
3.733333333333333393e+00 1.207265412415519656e-01
3.749019607843137258e+00 1.172332086768976406e-01
3.764705882352941124e+00 1.138389041044989697e-01
3.780392156862744990e+00 1.105408996121743370e-01
3.796078431372548856e+00 1.073365393124567774e-01
3.811764705882352722e+00 1.042232375671006822e-01
3.827450980392157032e+00 1.011984772500441193e-01
3.843137254901960898e+00 9.825980804823672421e-02
3.858823529411764763e+00 9.540484479973566911e-02
3.874509803921568629e+00 9.263126586846605337e-02
3.890196078431372495e+00 8.993681155505071911e-02
3.905882352941176361e+00 8.731928254310380999e-02
3.921568627450980227e+00 8.477653838038808065e-02
3.937254901960784093e+00 8.230649599423578433e-02
3.952941176470588402e+00 7.990712824063299358e-02
3.968627450980392268e+00 7.757646248637208031e-02
3.984313725490196134e+00 7.531257922367390334e-02
4.000000000000000000e+00 7.311361071669393585e-02
