0.000000000000000000e+00 0.000000000000000000e+00
1.568627450980392135e-02 6.139664199615777473e-01
3.137254901960784270e-02 1.407154051153685081e+00
4.705882352941176405e-02 2.257075227955352759e+00
6.274509803921568540e-02 3.128070586368103090e+00
7.843137254901960675e-02 4.001456139888503571e+00
9.411764705882352811e-02 4.865743905238061551e+00
1.098039215686274495e-01 5.713306156093184818e+00
1.254901960784313708e-01 6.538869922627564613e+00
1.411764705882352922e-01 7.338720377752462554e+00
1.568627450980392135e-01 8.110232676277146169e+00
1.725490196078431349e-01 8.851575410221954598e+00
1.882352941176470562e-01 9.561511903851648952e+00
2.039215686274509776e-01 1.023926112629553309e+01
2.196078431372548989e-01 1.088439689382622788e+01
2.352941176470588203e-01 1.149677273633624708e+01
2.509803921568627416e-01 1.207646458435247183e+01
2.666666666666666630e-01 1.262372620339866103e+01
2.823529411764705843e-01 1.313895398046652829e+01
2.980392156862745057e-01 1.362265872269373901e+01
3.137254901960784270e-01 1.407544281403893471e+01
3.294117647058823484e-01 1.449798153407490453e+01
3.450980392156862697e-01 1.489100765711820706e+01
3.607843137254901911e-01 1.525529866998470041e+01
3.764705882352941124e-01 1.559166610393302754e+01
3.921568627450980338e-01 1.590094659076929240e+01
4.078431372549019551e-01 1.618399433766666107e+01
4.235294117647058765e-01 1.644167477870233540e+01
4.392156862745097978e-01 1.667485920934947075e+01
4.549019607843137192e-01 1.688442024728293944e+01
4.705882352941176405e-01 1.707122799174825190e+01
4.862745098039215619e-01 1.723614677646218141e+01
5.019607843137254832e-01 1.738003242905193702e+01
5.176470588235294601e-01 1.750372996448917462e+01
5.333333333333333259e-01 1.760807165164616706e+01
5.490196078431373028e-01 1.769387540160032302e+01
5.647058823529411686e-01 1.776194343410073628e+01
5.803921568627451455e-01 1.781306118503694691e+01
5.960784313725490113e-01 1.784799642308714240e+01
6.117647058823529882e-01 1.786749854818133088e+01
6.274509803921568540e-01 1.787229804815962453e+01
6.431372549019608309e-01 1.786310609316712572e+01
6.588235294117646967e-01 1.784061425000888690e+01
6.745098039215686736e-01 1.780549430097397234e+01
6.901960784313725394e-01 1.775839815359348250e+01
7.058823529411765163e-01 1.769995782947816920e+01
7.215686274509803821e-01 1.763078552183061731e+01
7.372549019607843590e-01 1.755147371248137489e+01
7.529411764705882248e-01 1.746259534038794925e+01
7.686274509803922017e-01 1.736470401448407230e+01
7.843137254901960675e-01 1.725833426459577069e+01
8.000000000000000444e-01 1.714400182486648916e+01
8.156862745098039102e-01 1.702220394477135912e+01
8.313725490196078871e-01 1.689341972336150732e+01
8.470588235294117530e-01 1.675811046287468997e+01
8.627450980392157298e-01 1.661672003828597965e+01
8.784313725490195957e-01 1.646967527975985135e+01
8.941176470588235725e-01 1.631738636530903364e+01
9.098039215686274384e-01 1.616024722127093582e+01
9.254901960784314152e-01 1.599863592848476834e+01
9.411764705882352811e-01 1.583291513229463554e+01
9.568627450980392579e-01 1.566343245472052637e+01
9.725490196078431238e-01 1.549052090733230536e+01
9.882352941176471006e-01 1.531449930353472588e+01
1.003921568627450966e+00 1.513567266912627574e+01
1.019607843137254832e+00 1.495433265013339152e+01
1.035294117647058920e+00 1.477075791704565688e+01
1.050980392156862786e+00 1.458521456468946731e+01
1.066666666666666652e+00 1.439795650707716490e+01
1.082352941176470518e+00 1.420922586665914267e+01
1.098039215686274606e+00 1.401925335748635604e+01
1.113725490196078471e+00 1.382825866186369979e+01
1.129411764705882337e+00 1.363645080013923838e+01
1.145098039215686203e+00 1.344402849333303784e+01
1.160784313725490291e+00 1.325118051836156852e+01
1.176470588235294157e+00 1.305808605566056713e+01
1.192156862745098023e+00 1.286491502905158590e+01
1.207843137254901889e+00 1.267182843773508161e+01
1.223529411764705976e+00 1.247897868032679192e+01
1.239215686274509842e+00 1.228650987088412805e+01
1.254901960784313708e+00 1.209455814689667541e+01
1.270588235294117574e+00 1.190325196923851969e+01
1.286274509803921662e+00 1.171271241410187613e+01
1.301960784313725528e+00 1.152305345695012484e+01
1.317647058823529393e+00 1.133438224854558740e+01
1.333333333333333259e+00 1.114679938312176155e+01
1.349019607843137347e+00 1.096039915878324500e+01
1.364705882352941213e+00 1.077526983022767837e+01
1.380392156862745079e+00 1.059149385389411435e+01
1.396078431372548945e+00 1.040914812565102743e+01
1.411764705882353033e+00 1.022830421114430166e+01
1.427450980392156898e+00 1.004902856893227359e+01
1.443137254901960764e+00 9.871382766539811726e+00
1.458823529411764630e+00 9.695423689568450243e+00
1.474509803921568718e+00 9.521203744002670888e+00
1.490196078431372584e+00 9.348771051855896630e+00
1.505882352941176450e+00 9.178169640301609533e+00
1.521568627450980316e+00 9.009439624437012739e+00
1.537254901960784403e+00 8.842617383827617417e+00
1.552941176470588269e+00 8.677735732981911809e+00
1.568627450980392135e+00 8.514824085905386752e+00
1.584313725490196001e+00 8.353908614883257755e+00
1.600000000000000089e+00 8.195012403640470566e+00
1.615686274509803955e+00 8.038155595026983846e+00
1.631372549019607820e+00 7.883355533375130619e+00
1.647058823529411686e+00 7.730626901674541251e+00
1.662745098039215774e+00 7.579981853708712691e+00
1.678431372549019640e+00 7.431430141295283676e+00
1.694117647058823506e+00 7.284979236770559474e+00
1.709803921568627372e+00 7.140634450856387261e+00
1.725490196078431460e+00 6.998399046045744143e+00
1.741176470588235325e+00 6.858274345640651859e+00
1.756862745098039191e+00 6.720259838574128786e+00
1.772549019607843057e+00 6.584353280145043286e+00
1.788235294117647145e+00 6.450550788792527079e+00
1.803921568627451011e+00 6.318846939033885945e+00
1.819607843137254877e+00 6.189234850687295619e+00
1.835294117647058743e+00 6.061706274498176228e+00
1.850980392156862830e+00 5.936251674285164981e+00
1.866666666666666696e+00 5.812860305719230070e+00
1.882352941176470562e+00 5.691520291846540403e+00
1.898039215686274428e+00 5.572218695463305949e+00
1.913725490196078516e+00 5.454941588447799639e+00
1.929411764705882382e+00 5.339674118152511362e+00
1.945098039215686248e+00 5.226400570956327485e+00
1.960784313725490113e+00 5.115104433074400880e+00
1.976470588235294201e+00 5.005768448720485431e+00
1.992156862745098067e+00 4.898374675714131321e+00
2.007843137254901933e+00 4.792904538622491550e+00
2.023529411764705799e+00 4.689338879524088455e+00
2.039215686274509665e+00 4.587658006479355066e+00
2.054901960784313530e+00 4.487841739790320084e+00
2.070588235294117840e+00 4.389869456129581238e+00
2.086274509803921706e+00 4.293720130616144104e+00
2.101960784313725572e+00 4.199372376913549587e+00
2.117647058823529438e+00 4.106804485423469764e+00
2.133333333333333304e+00 4.015994459645645165e+00
2.149019607843137170e+00 3.926920050772967574e+00
2.164705882352941035e+00 3.839558790588283532e+00
2.180392156862744901e+00 3.753888022727566387e+00
2.196078431372549211e+00 3.669884932371948683e+00
2.211764705882353077e+00 3.587526574429207749e+00
2.227450980392156943e+00 3.506789900263278970e+00
2.243137254901960809e+00 3.427651783028633492e+00
2.258823529411764675e+00 3.350089041664305878e+00
2.274509803921568540e+00 3.274078463600793132e+00
2.290196078431372406e+00 3.199596826231102753e+00
2.305882352941176272e+00 3.126620917195605642e+00
2.321568627450980582e+00 3.055127553528741213e+00
2.337254901960784448e+00 2.985093599713919410e+00
2.352941176470588314e+00 2.916495984691409138e+00
2.368627450980392180e+00 2.849311717862497595e+00
2.384313725490196045e+00 2.783517904131747045e+00
2.399999999999999911e+00 2.719091758027661232e+00
2.415686274509803777e+00 2.656010616940686297e+00
2.431372549019607643e+00 2.594251953516164999e+00
2.447058823529411953e+00 2.533793387238474359e+00
2.462745098039215819e+00 2.474612695241315219e+00
2.478431372549019684e+00 2.416687822377857842e+00
2.494117647058823550e+00 2.359996890583308193e+00
2.509803921568627416e+00 2.304518207561142340e+00
2.525490196078431282e+00 2.250230274823283860e+00
2.541176470588235148e+00 2.197111795113273480e+00
2.556862745098039014e+00 2.145141679240479604e+00
2.572549019607843324e+00 2.094299052352285528e+00
2.588235294117647189e+00 2.044563259670314270e+00
2.603921568627451055e+00 1.995913871715623289e+00
2.619607843137254921e+00 1.948330689046997799e+00
2.635294117647058787e+00 1.901793746535441532e+00
2.650980392156862653e+00 1.856283317197206184e+00
2.666666666666666519e+00 1.811779915606711810e+00
2.682352941176470384e+00 1.768264300910018960e+00
2.698039215686274694e+00 1.725717479458597214e+00
2.713725490196078560e+00 1.684120707082448654e+00
2.729411764705882426e+00 1.643455491020850978e+00
2.745098039215686292e+00 1.603703591528278016e+00
2.760784313725490158e+00 1.564847023172382778e+00
2.776470588235294024e+00 1.526868055840178151e+00
2.792156862745097889e+00 1.489749215468017418e+00
2.807843137254901755e+00 1.453473284510225838e+00
2.823529411764706065e+00 1.418023302160733801e+00
2.839215686274509931e+00 1.383382564341386178e+00
2.854901960784313797e+00 1.349534623470104000e+00
2.870588235294117663e+00 1.316463288021510358e+00
2.886274509803921529e+00 1.284152621892078239e+00
2.901960784313725394e+00 1.252586943581391443e+00
2.917647058823529260e+00 1.221750825200588420e+00
2.933333333333333126e+00 1.191629091318618050e+00
2.949019607843137436e+00 1.162206817656440183e+00
2.964705882352941302e+00 1.133469329638917777e+00
2.980392156862745168e+00 1.105402200813653701e+00
2.996078431372549034e+00 1.077991251145713703e+00
3.011764705882352899e+00 1.051222545196682567e+00
3.027450980392156765e+00 1.025082390196201620e+00
3.043137254901960631e+00 9.995573340137278162e-01
3.058823529411764497e+00 9.746341630379214971e-01
3.074509803921568807e+00 9.502998999707349403e-01
3.090196078431372673e+00 9.265418015429355281e-01
3.105882352941176539e+00 9.033473561574916211e-01
3.121568627450980404e+00 8.807042814669717723e-01
3.137254901960784270e+00 8.586005218907668546e-01
3.152941176470588136e+00 8.370242460777285176e-01
3.168627450980392002e+00 8.159638443195004198e-01
3.184313725490195868e+00 7.954079259195879770e-01
3.200000000000000178e+00 7.753453165229640121e-01
3.215686274509804043e+00 7.557650554107625540e-01
3.231372549019607909e+00 7.366563927643937637e-01
3.247058823529411775e+00 7.180087869031770431e-01
3.262745098039215641e+00 6.998119014994150788e-01
3.278431372549019507e+00 6.820556027745875438e-01
3.294117647058823373e+00 6.647299566801877502e-01
3.309803921568627239e+00 6.478252260664972839e-01
3.325490196078431548e+00 6.313318678424747477e-01
3.341176470588235414e+00 6.152405301297049212e-01
3.356862745098039280e+00 5.995420494132197575e-01
3.372549019607843146e+00 5.842274476918604131e-01
3.388235294117647012e+00 5.692879296306565529e-01
3.403921568627450878e+00 5.547148797176002510e-01
3.419607843137254743e+00 5.404998594270239431e-01
3.435294117647058609e+00 5.266346043916755315e-01
3.450980392156862919e+00 5.131110215854434164e-01
3.466666666666666785e+00 4.999211865185854142e-01
3.482352941176470651e+00 4.870573404471699730e-01
3.498039215686274517e+00 4.745118875983616036e-01
3.513725490196078383e+00 4.622773924130421652e-01
3.529411764705882248e+00 4.503465768071873709e-01
3.545098039215686114e+00 4.387123174533028025e-01
3.560784313725489980e+00 4.273676430831415129e-01
3.576470588235294290e+00 4.163057318128347561e-01
3.592156862745098156e+00 4.055199084914731245e-01
3.607843137254902022e+00 3.950036420741187548e-01
3.623529411764705888e+00 3.847505430201270116e-01
3.639215686274509753e+00 3.747543607176029856e-01
3.654901960784313619e+00 3.650089809347298320e-01
3.670588235294117485e+00 3.555084232986616688e-01
3.686274509803921351e+00 3.462468388025941590e-01
3.701960784313725661e+00 3.372185073415694401e-01
3.717647058823529527e+00 3.284178352775209975e-01
3.733333333333333393e+00 3.198393530340014057e-01
3.749019607843137258e+00 3.114777127209927832e-01
3.764705882352941124e+00 3.033276857901446855e-01
3.780392156862744990e+00 2.953841607207398079e-01
3.796078431372548856e+00 2.876421407366420158e-01
3.811764705882352722e+00 2.800967415544478034e-01
3.827450980392157032e+00 2.727431891630064387e-01
3.843137254901960898e+00 2.655768176344562859e-01
3.858823529411764763e+00 2.585930669668701776e-01
3.874509803921568629e+00 2.517874809585857743e-01
3.890196078431372495e+00 2.451557051142555232e-01
3.905882352941176361e+00 2.386934845826205742e-01
3.921568627450980227e+00 2.323966621259909160e-01
3.937254901960784093e+00 2.262611761213829398e-01
3.952941176470588402e+00 2.202830585932425145e-01
3.968627450980392268e+00 2.144584332776566238e-01
3.984313725490196134e+00 2.087835137179339384e-01
4.000000000000000000e+00 2.032546013914194316e-01
