0.000000000000000000e+00 0.000000000000000000e+00
1.568627450980392135e-02 6.072824013534932064e-01
3.137254901960784270e-02 1.391063586252183626e+00
4.705882352941176405e-02 2.235402075869634686e+00
6.274509803921568540e-02 3.106457777115404273e+00
7.843137254901960675e-02 3.986236911241028746e+00
9.411764705882352811e-02 4.863445833720676070e+00
1.098039215686274495e-01 5.730389032616288070e+00
1.254901960784313708e-01 6.581574551579802090e+00
1.411764705882352922e-01 7.412977977017830788e+00
1.568627450980392135e-01 8.221610509252890608e+00
1.725490196078431349e-01 9.005245451517124522e+00
1.882352941176470562e-01 9.762234789910436916e+00
2.039215686274509776e-01 1.049138055638611355e+01
2.196078431372548989e-01 1.119184131916339275e+01
2.352941176470588203e-01 1.186306219011699170e+01
2.509803921568627416e-01 1.250472115030204456e+01
2.666666666666666630e-01 1.311668704585765965e+01
2.823529411764705843e-01 1.369898614880651522e+01
2.980392156862745057e-01 1.425177514560157910e+01
3.137254901960784270e-01 1.477531904440332866e+01
3.294117647058823484e-01 1.526997291127460876e+01
3.450980392156862697e-01 1.573616663234061619e+01
3.607843137254901911e-01 1.617439209966984137e+01
3.764705882352941124e-01 1.658519236188015356e+01
3.921568627450980338e-01 1.696915238455754604e+01
4.078431372549019551e-01 1.732689114243546058e+01
4.235294117647058765e-01 1.765905482288218664e+01
4.392156862745097978e-01 1.796631096399468319e+01
4.549019607843137192e-01 1.824934338424176872e+01
4.705882352941176405e-01 1.850884778676896048e+01
4.862745098039215619e-01 1.874552794204728912e+01
5.019607843137254832e-01 1.896009236887611848e+01
5.176470588235294601e-01 1.915325144682775971e+01
5.333333333333333259e-01 1.932571490378625612e+01
5.490196078431373028e-01 1.947818963083368971e+01
5.647058823529411686e-01 1.961137778379248431e+01
5.803921568627451455e-01 1.972597513655930257e+01
5.960784313725490113e-01 1.982266965620990717e+01
6.117647058823529882e-01 1.990214027390656781e+01
6.274509803921568540e-01 1.996505582904782372e+01
6.431372549019608309e-01 2.001207416698379049e+01
6.588235294117646967e-01 2.004384137307146219e+01
6.745098039215686736e-01 2.006099112793831907e+01
6.901960784313725394e-01 2.006414417062007871e+01
7.058823529411765163e-01 2.005390785778731555e+01
7.215686274509803821e-01 2.003087580861639694e+01
7.372549019607843590e-01 1.999562762602492327e+01
7.529411764705882248e-01 1.994872868600763738e+01
7.686274509803922017e-01 1.989072998769729494e+01
7.843137254901960675e-01 1.982216805755528455e+01
8.000000000000000444e-01 1.974356490178364609e+01
8.156862745098039102e-01 1.965542800165710347e+01
8.313725490196078871e-01 1.955825034701047471e+01
8.470588235294117530e-01 1.945251050359456713e+01
8.627450980392157298e-01 1.933867271043768810e+01
8.784313725490195957e-01 1.921718700372904465e+01
8.941176470588235725e-01 1.908848936407901320e+01
9.098039215686274384e-01 1.895300188431442479e+01
9.254901960784314152e-01 1.881113295523989493e+01
9.411764705882352811e-01 1.866327746704081747e+01
9.568627450980392579e-01 1.850981702422450681e+01
9.725490196078431238e-01 1.835112017219519842e+01
9.882352941176471006e-01 1.818754263373851643e+01
1.003921568627450966e+00 1.801942755385371342e+01
1.019607843137254832e+00 1.784710575151996181e+01
1.035294117647058920e+00 1.767089597711652971e+01
1.050980392156862786e+00 1.749110517433826573e+01
1.066666666666666652e+00 1.730802874555876514e+01
1.082352941176470518e+00 1.712195081969372623e+01
1.098039215686274606e+00 1.693314452170901774e+01
1.113725490196078471e+00 1.674187224300135313e+01
1.129411764705882337e+00 1.654838591195581188e+01
1.145098039215686203e+00 1.635292726405389629e+01
1.160784313725490291e+00 1.615572811096948413e+01
1.176470588235294157e+00 1.595701060814813665e+01
1.192156862745098023e+00 1.575698752041801320e+01
1.207843137254901889e+00 1.555586248522979531e+01
1.223529411764705976e+00 1.535383027316671622e+01
1.239215686274509842e+00 1.515107704540702471e+01
1.254901960784313708e+00 1.494778060785805707e+01
1.270588235294117574e+00 1.474411066171518492e+01
1.286274509803921662e+00 1.454022905023020229e+01
1.301960784313725528e+00 1.433629000150190080e+01
1.317647058823529393e+00 1.413244036712791818e+01
1.333333333333333259e+00 1.392881985658061872e+01
1.349019607843137347e+00 1.372556126719158875e+01
1.364705882352941213e+00 1.352279070964926788e+01
1.380392156862745079e+00 1.332062782893223130e+01
1.396078431372548945e+00 1.311918602061762407e+01
1.411764705882353033e+00 1.291857264251881254e+01
1.427450980392156898e+00 1.271888922162058755e+01
1.443137254901960764e+00 1.252023165629257306e+01
1.458823529411764630e+00 1.232269041377271179e+01
1.474509803921568718e+00 1.212635072292354543e+01
1.490196078431372584e+00 1.193129276227280400e+01
1.505882352941176450e+00 1.173759184335863104e+01
1.521568627450980316e+00 1.154531858940737443e+01
1.537254901960784403e+00 1.135453910937874333e+01
1.552941176470588269e+00 1.116531516741919816e+01
1.568627450980392135e+00 1.097770434777024562e+01
1.584313725490196001e+00 1.079176021518302697e+01
1.600000000000000089e+00 1.060753247089506957e+01
1.615686274509803955e+00 1.042506710422899197e+01
1.631372549019607820e+00 1.024440653987633176e+01
1.647058823529411686e+00 1.006558978093275591e+01
1.662745098039215774e+00 9.888652547753251199e+00
1.678431372549019640e+00 9.713627412698608410e+00
1.694117647058823506e+00 9.540543930845831966e+00
1.709803921568627372e+00 9.369428766737257774e+00
1.725490196078431460e+00 9.200305817243945583e+00
1.741176470588235325e+00 9.033196330620535619e+00
1.756862745098039191e+00 8.868119021828995585e+00
1.772549019607843057e+00 8.705090184209696602e+00
1.788235294117647145e+00 8.544123797578491164e+00
1.803921568627451011e+00 8.385231632828688220e+00
1.819607843137254877e+00 8.228423353116822270e+00
1.835294117647058743e+00 8.073706611711116921e+00
1.850980392156862830e+00 7.921087146581277771e+00
1.866666666666666696e+00 7.770568871807698841e+00
1.882352941176470562e+00 7.622153965887952687e+00
1.898039215686274428e+00 7.475842957017669654e+00
1.913725490196078516e+00 7.331634805422290846e+00
1.929411764705882382e+00 7.189526982815356071e+00
1.945098039215686248e+00 7.049515549058230413e+00
1.960784313725490113e+00 6.911595226095273325e+00
1.976470588235294201e+00 6.775759469237301325e+00
1.992156862745098067e+00 6.642000535865478561e+00
2.007843137254901933e+00 6.510309551626433766e+00
2.023529411764705799e+00 6.380676574188420602e+00
2.039215686274509665e+00 6.253090654627221134e+00
2.054901960784313530e+00 6.127539896509237138e+00
2.070588235294117840e+00 6.004011512738030909e+00
2.086274509803921706e+00 5.882491880229490988e+00
2.101960784313725572e+00 5.762966592479314087e+00
2.117647058823529438e+00 5.645420510085527255e+00
2.133333333333333304e+00 5.529837809287251105e+00
2.149019607843137170e+00 5.416202028579878203e+00
2.164705882352941035e+00 5.304496113465375196e+00
2.180392156862744901e+00 5.194702459395269756e+00
2.196078431372549211e+00 5.086802952962538704e+00
2.211764705882353077e+00 4.980779011397445721e+00
2.227450980392156943e+00 4.876611620420939097e+00
2.243137254901960809e+00 4.774281370508155931e+00
2.258823529411764675e+00 4.673768491613218501e+00
2.274509803921568540e+00 4.575052886405307717e+00
2.290196078431372406e+00 4.478114162064713355e+00
2.305882352941176272e+00 4.382931660686484321e+00
2.321568627450980582e+00 4.289484488337897972e+00
2.337254901960784448e+00 4.197751542815027825e+00
2.352941176470588314e+00 4.107711540142235052e+00
2.368627450980392180e+00 4.019343039857556477e+00
2.384313725490196045e+00 3.932624469125536759e+00
2.399999999999999911e+00 3.847534145718170429e+00
2.415686274509803777e+00 3.764050299903350272e+00
2.431372549019607643e+00 3.682151095279221575e+00
2.447058823529411953e+00 3.601814648591763479e+00
2.462745098039215819e+00 3.523019048571826239e+00
2.478431372549019684e+00 3.445742373826885530e+00
2.494117647058823550e+00 3.369962709821761493e+00
2.509803921568627416e+00 3.295658164981511984e+00
2.525490196078431282e+00 3.222806885948768851e+00
2.541176470588235148e+00 3.151387072026897496e+00
2.556862745098039014e+00 3.081376988839327424e+00
2.572549019607843324e+00 3.012754981234546214e+00
2.588235294117647189e+00 2.945499485465400635e+00
2.603921568627451055e+00 2.879589040670381905e+00
2.619607843137254921e+00 2.815002299683840636e+00
2.635294117647058787e+00 2.751718039201139554e+00
2.650980392156862653e+00 2.689715169324024213e+00
2.666666666666666519e+00 2.628972742510624183e+00
2.682352941176470384e+00 2.569469961953828374e+00
2.698039215686274694e+00 2.511186189410917979e+00
2.713725490196078560e+00 2.454100952506691247e+00
2.729411764705882426e+00 2.398193951531517154e+00
2.745098039215686292e+00 2.343445065755157763e+00
2.760784313725490158e+00 2.289834359276429421e+00
2.776470588235294024e+00 2.237342086428153909e+00
2.792156862745097889e+00 2.185948696756204068e+00
2.807843137254901755e+00 2.135634839590823120e+00
2.823529411764706065e+00 2.086381368227760991e+00
2.839215686274509931e+00 2.038169343736229600e+00
2.854901960784313797e+00 1.990980038410003816e+00
2.870588235294117663e+00 1.944794938877601354e+00
2.886274509803921529e+00 1.899595748886705460e+00
2.901960784313725394e+00 1.855364391777675204e+00
2.917647058823529260e+00 1.812083012660345105e+00
2.933333333333333126e+00 1.769733980307831800e+00
2.949019607843137436e+00 1.728299888780641336e+00
2.964705882352941302e+00 1.687763558793816676e+00
2.980392156862745168e+00 1.648108038839458223e+00
2.996078431372549034e+00 1.609316606076490519e+00
3.011764705882352899e+00 1.571372766999114878e+00
3.027450980392156765e+00 1.534260257894983104e+00
3.043137254901960631e+00 1.497963045103681612e+00
3.058823529411764497e+00 1.462465325085774870e+00
3.074509803921568807e+00 1.427751524312230291e+00
3.090196078431372673e+00 1.393806298983717440e+00
3.105882352941176539e+00 1.360614534588852953e+00
3.121568627450980404e+00 1.328161345310211017e+00
3.137254901960784270e+00 1.296432073286470699e+00
3.152941176470588136e+00 1.265412287738840291e+00
3.168627450980392002e+00 1.235087783969528674e+00
3.184313725490195868e+00 1.205444582239740381e+00
3.200000000000000178e+00 1.176468926534390613e+00
3.215686274509804043e+00 1.148147283220429804e+00
3.231372549019607909e+00 1.120466339605395323e+00
3.247058823529411775e+00 1.093413002402554346e+00
3.262745098039215641e+00 1.066974396108723688e+00
3.278431372549019507e+00 1.041137861300623024e+00
3.294117647058823373e+00 1.015890952855331708e+00
3.309803921568627239e+00 9.912214381002670827e-01
3.325490196078431548e+00 9.671172948977767581e-01
3.341176470588235414e+00 9.435667096693032274e-01
3.356862745098039280e+00 9.205580753638151759e-01
3.372549019607843146e+00 8.980799893750219809e-01
3.388235294117647012e+00 8.761212514116805128e-01
3.403921568627450878e+00 8.546708613251239317e-01
3.419607843137254743e+00 8.337180168979344552e-01
3.435294117647058609e+00 8.132521115975535064e-01
3.450980392156862919e+00 7.932627322983856200e-01
3.466666666666666785e+00 7.737396569758547837e-01
3.482352941176470651e+00 7.546728523756619511e-01
3.498039215686274517e+00 7.360524716613726648e-01
3.513725490196078383e+00 7.178688520432976450e-01
3.529411764705882248e+00 7.001125123915017401e-01
3.545098039215686114e+00 6.827741508356178768e-01
3.560784313725489980e+00 6.658446423540425041e-01
3.576470588235294290e+00 6.493150363549347048e-01
3.592156862745098156e+00 6.331765542513276834e-01
3.607843137254902022e+00 6.174205870325510936e-01
3.623529411764705888e+00 6.020386928340488719e-01
3.639215686274509753e+00 5.870225945075471241e-01
3.654901960784313619e+00 5.723641771934578903e-01
3.670588235294117485e+00 5.580554858972712751e-01
3.686274509803921351e+00 5.440887230716141554e-01
3.701960784313725661e+00 5.304562462055444350e-01
3.717647058823529527e+00 5.171505654225777571e-01
3.733333333333333393e+00 5.041643410888401178e-01
3.749019607843137258e+00 4.914903814326683218e-01
3.764705882352941124e+00 4.791216401769053945e-01
3.780392156862744990e+00 4.670512141850432508e-01
3.796078431372548856e+00 4.552723411223195127e-01
3.811764705882352722e+00 4.437783971327777799e-01
3.827450980392157032e+00 4.325628945332523623e-01
3.843137254901960898e+00 4.216194795251780314e-01
3.858823529411764763e+00 4.109419299250351432e-01
3.874509803921568629e+00 4.005241529142205548e-01
3.890196078431372495e+00 3.903601828090524362e-01
3.905882352941176361e+00 3.804441788515637857e-01
3.921568627450980227e+00 3.707704230217094277e-01
3.937254901960784093e+00 3.613333178715318894e-01
3.952941176470588402e+00 3.521273843818110150e-01
3.968627450980392268e+00 3.431472598416598907e-01
3.984313725490196134e+00 3.343876957514920201e-01
4.000000000000000000e+00 3.258435557497521562e-01
