0.000000000000000000e+00 0.000000000000000000e+00 0
1.041666666666666609e-02 4.238907415303649201e-03 0
2.083333333333333218e-02 6.791136487988371634e-03 0
3.125000000000000000e-02 8.987349241933510063e-03 0
4.166666666666666435e-02 1.099664161581953223e-02 0
5.208333333333333565e-02 1.288806472012683779e-02 0
6.250000000000000000e-02 1.469821662647185535e-02 0
7.291666666666667129e-02 1.644935490840227291e-02 0
8.333333333333332871e-02 1.815624326371544084e-02 0
9.375000000000000000e-02 1.982928236705315886e-02 0
1.041666666666666713e-01 2.147613128439962091e-02 0
1.145833333333333287e-01 2.310262502202567111e-02 0
1.250000000000000000e-01 2.471332955056849967e-02 0
1.354166666666666574e-01 2.631189548221578994e-02 0
1.458333333333333426e-01 2.790129303398278943e-02 0
1.562500000000000000e-01 2.948397354548430022e-02 0
1.666666666666666574e-01 3.106198369411390312e-02 0
1.770833333333333426e-01 3.263704819330151552e-02 0
1.875000000000000000e-01 3.421063087731261720e-02 0
1.979166666666666574e-01 3.578398058164945078e-02 0
2.083333333333333426e-01 3.735816608915647208e-02 0
2.187500000000000000e-01 3.893410305511928876e-02 0
2.291666666666666574e-01 4.051257494361112238e-02 0
2.395833333333333426e-01 4.209424941923617380e-02 0
2.500000000000000000e-01 4.367969123917141844e-02 0
2.604166666666666852e-01 4.526937241291652952e-02 0
2.708333333333333148e-01 4.686368020144583701e-02 0
2.812500000000000000e-01 4.846292338708992758e-02 0
2.916666666666666852e-01 5.006733714350624503e-02 0
3.020833333333333148e-01 5.167708675876881569e-02 0
3.125000000000000000e-01 5.329227041253074143e-02 0
3.229166666666666852e-01 5.491292115746417707e-02 0
3.333333333333333148e-01 5.653900823342237342e-02 0
3.437500000000000000e-01 5.817043781013771231e-02 0
3.541666666666666852e-01 5.980705323828891529e-02 0
3.645833333333333148e-01 6.144863487309972644e-02 0
3.750000000000000000e-01 6.309489952301212956e-02 0
3.854166666666666852e-01 6.474549956637595804e-02 0
3.958333333333333148e-01 6.640002177185139187e-02 0
4.062500000000000000e-01 6.805798585220865227e-02 0
4.166666666666666852e-01 6.971884277655572559e-02 0
4.270833333333333148e-01 7.138197286220226978e-02 0
4.375000000000000000e-01 7.304668366445324357e-02 0
4.479166666666666852e-01 7.471220768032503512e-02 0
4.583333333333333148e-01 7.637769959988509327e-02 0
4.687500000000000000e-01 7.804223508095101125e-02 0
4.791666666666666852e-01 7.970480517098731121e-02 0
4.895833333333333148e-01 8.136431620120174180e-02 0
5.000000000000000000e-01 8.301958535075094903e-02 0
5.104166666666666297e-01 8.466933778074106631e-02 0
5.208333333333333703e-01 8.631220338723535890e-02 0
5.312500000000000000e-01 8.794671346681064150e-02 0
5.416666666666666297e-01 8.957129730863171158e-02 0
5.520833333333333703e-01 9.118427872878670515e-02 0
5.625000000000000000e-01 9.278387256458907328e-02 0
5.729166666666666297e-01 9.436818114873099517e-02 0
5.833333333333333703e-01 9.593519078629850205e-02 0
5.937500000000000000e-01 9.748276826070247092e-02 0
6.041666666666666297e-01 9.900865739857306336e-02 0
6.145833333333333703e-01 1.005104757280732980e-01 0
6.250000000000000000e-01 1.019857112701229723e-01 0
6.354166666666666297e-01 1.034317195078639506e-01 0
6.458333333333333703e-01 1.048457205860809510e-01 0
6.562500000000000000e-01 1.062247967997155818e-01 0
6.666666666666666297e-01 1.075658904386832537e-01 0
6.770833333333333703e-01 1.088658020651902397e-01 0
6.875000000000000000e-01 1.101211893099893202e-01 0
6.979166666666666297e-01 1.113285662844515356e-01 0
7.083333333333333703e-01 1.124843037177156169e-01 0
7.187500000000000000e-01 1.135846299406999826e-01 0
7.291666666666666297e-01 1.146256328525445262e-01 0
7.395833333333333703e-01 1.156032630196941885e-01 0
7.500000000000000000e-01 1.165133380728099605e-01 0
7.604166666666666297e-01 1.173515485825358529e-01 0
7.708333333333333703e-01 1.181134656109025377e-01 0
7.812500000000000000e-01 1.187945501508118756e-01 0
7.916666666666666297e-01 1.193901646810721084e-01 0
8.020833333333333703e-01 1.198955870781954480e-01 0
8.125000000000000000e-01 1.203060271379483015e-01 0
8.229166666666666297e-01 1.206166459685077963e-01 0
8.333333333333333703e-01 1.208225785220959358e-01 0
8.437500000000000000e-01 1.209189595315847132e-01 0
8.541666666666666297e-01 1.209009531117992559e-01 0
8.645833333333333703e-01 1.207637862700056824e-01 0
8.750000000000000000e-01 1.205027865448654867e-01 0
8.854166666666666297e-01 1.201134239558897393e-01 0
8.958333333333333703e-01 1.195913573940822622e-01 0
9.062500000000000000e-01 1.189324855169942713e-01 0
9.166666666666666297e-01 1.181330021258018420e-01 0
9.270833333333333703e-01 1.171894558964015759e-01 0
9.375000000000000000e-01 1.160988142096219256e-01 0
9.479166666666666297e-01 1.148585306764267622e-01 0
9.583333333333333703e-01 1.134666157826480087e-01 0
9.687500000000000000e-01 1.119217098851138792e-01 0
9.791666666666666297e-01 1.102231575797730512e-01 0
9.895833333333333703e-01 1.083710822363979226e-01 0
1.000000000000000000e+00 1.063664592598531494e-01 0
1.010416666666666741e+00 1.042111864028523321e-01 0
1.020833333333333259e+00 1.019081492299898500e-01 0
1.031250000000000000e+00 9.946127963029260943e-02 0
1.041666666666666741e+00 9.687560511014876863e-02 0
1.052083333333333259e+00 9.415728648650799337e-02 0
1.062500000000000000e+00 9.131364155865480392e-02 0
1.072916666666666741e+00 8.835315238258642512e-02 0
1.083333333333333259e+00 8.528545392050296270e-02 0
1.093750000000000000e+00 8.212130210173614053e-02 0
1.104166666666666741e+00 7.887251971862611899e-02 0
1.114583333333333259e+00 7.555191909327099720e-02 0
1.125000000000000000e+00 7.217320108295127712e-02 0
1.135416666666666741e+00 6.875083072885070090e-02 0
1.145833333333333259e+00 6.529989067059198404e-02 0
1.156250000000000000e+00 6.183591431519994130e-02 0
1.166666666666666741e+00 5.837470162244164790e-02 0
1.177083333333333259e+00 5.493212120220259537e-02 0
1.187500000000000000e+00 5.152390316372491841e-02 0
1.197916666666666741e+00 4.816542771432233416e-02 0
1.208333333333333259e+00 4.487151530703002711e-02 0
1.218750000000000000e+00 4.165622300838058012e-02 0
1.229166666666666741e+00 3.853265437714804842e-02 0
1.239583333333333259e+00 3.551278652557593452e-02 0
1.250000000000000000e+00 3.260732015786980964e-02 0
1.260416666666666741e+00 2.982555629265105576e-02 0
1.270833333333333259e+00 2.717530281764287889e-02 0
1.281250000000000000e+00 2.466281290909512480e-02 0
1.291666666666666741e+00 2.229275620959334653e-02 0
1.302083333333333259e+00 2.006822251069504195e-02 0
1.312500000000000000e+00 1.799075659189914786e-02 0
1.322916666666666741e+00 1.606042187916574895e-02 0
1.333333333333333259e+00 1.427588974908614375e-02 0
1.343750000000000000e+00 1.263455065096557445e-02 0
1.354166666666666741e+00 1.113264276691475728e-02 0
1.364583333333333259e+00 9.765393684334577537e-03 0
1.375000000000000000e+00 8.527170508182246866e-03 0
1.385416666666666741e+00 7.411633973955429264e-03 0
1.395833333333333259e+00 6.411774008702224130e-03 0
1.406250000000000000e+00 5.520651812373623783e-03 0
1.416666666666666741e+00 4.730358786183805168e-03 0
1.427083333333333259e+00 4.033333687700778325e-03 0
1.437500000000000000e+00 3.421891858699107301e-03 0
1.447916666666666741e+00 2.888451449315382856e-03 0
1.458333333333333259e+00 2.425626873428709737e-03 0
1.468750000000000000e+00 2.026307460043016463e-03 0
1.479166666666666741e+00 1.683721324792715728e-03 0
1.489583333333333259e+00 1.391484882974189548e-03 0
1.500000000000000000e+00 1.143638754680309337e-03 0
1.510416666666666741e+00 9.346710727519782526e-04 0
1.520833333333333259e+00 7.595293971958632208e-04 0
1.531250000000000000e+00 6.136225693942474373e-04 0
1.541666666666666741e+00 4.928139113242267343e-04 0
1.552083333333333259e+00 3.934071977058445574e-04 0
1.562500000000000000e+00 3.121267903024300245e-04 0
1.572916666666666741e+00 2.460933095276703845e-04 0
1.583333333333333259e+00 1.927960498148455421e-04 0
1.593750000000000000e+00 1.500633129701951188e-04 0
1.604166666666666741e+00 1.160316575903039607e-04 0
1.614583333333333259e+00 8.911494166638453146e-05 0
1.625000000000000000e+00 6.797389254146810999e-05 0
1.635416666666666741e+00 5.148679901721593823e-05 0
1.645833333333333259e+00 3.872178656231970936e-05 0
1.656250000000000000e+00 2.891101167110047201e-05 0
1.666666666666666741e+00 2.142674130375917931e-05 0
1.677083333333333259e+00 1.576106712434713732e-05 0
1.687500000000000000e+00 1.150498643633548973e-05 0
1.697916666666666741e+00 8.332906502069291907e-06 0
1.708333333333333259e+00 5.987627668384758000e-06 0
1.718750000000000000e+00 4.267740307533785360e-06 0
1.729166666666666741e+00 3.016908975522058931e-06 0
1.739583333333333259e+00 2.114864830329360686e-06 0
1.750000000000000000e+00 1.469919056703287843e-06 0
1.760416666666666741e+00 1.012809756452574670e-06 0
1.770833333333333259e+00 6.917007836646127170e-07 0
1.781250000000000000e+00 4.681617191836634973e-07 0
1.791666666666666741e+00 3.139721176107405615e-07 0
1.802083333333333259e+00 2.086090385601244031e-07 0
1.812500000000000000e+00 1.372936017307847893e-07 0
1.822916666666666741e+00 8.948904148182658368e-08 0
1.833333333333333259e+00 5.775877628421599208e-08 0
1.843750000000000000e+00 3.690793899912267149e-08 0
1.854166666666666741e+00 2.334529207403229296e-08 0
1.864583333333333259e+00 1.461434815413514074e-08 0
1.875000000000000000e+00 9.052780492358035243e-09 0
1.885416666666666741e+00 5.547886509640073369e-09 0
1.895833333333333259e+00 3.363068012195744397e-09 0
1.906250000000000000e+00 2.016157765180303107e-09 0
1.916666666666666741e+00 1.195119203001673687e-09 0
1.927083333333333259e+00 7.003443438425175895e-10 0
1.937500000000000000e+00 4.056395632413311788e-10 0
1.947916666666666741e+00 2.321723990697924917e-10 0
1.958333333333333259e+00 1.312908636844742569e-10 0
1.968750000000000000e+00 7.333693863615770512e-11 0
1.979166666666666741e+00 4.045617266654354842e-11 0
1.989583333333333259e+00 2.203578848727988240e-11 0
2.000000000000000000e+00 0.000000000000000000e+00 0
2.010416666666666519e+00 0.000000000000000000e+00 0
2.020833333333333481e+00 0.000000000000000000e+00 0
2.031250000000000000e+00 0.000000000000000000e+00 0
2.041666666666666519e+00 0.000000000000000000e+00 0
2.052083333333333481e+00 0.000000000000000000e+00 0
2.062500000000000000e+00 0.000000000000000000e+00 0
2.072916666666666519e+00 0.000000000000000000e+00 0
2.083333333333333481e+00 0.000000000000000000e+00 0
2.093750000000000000e+00 0.000000000000000000e+00 0
2.104166666666666519e+00 0.000000000000000000e+00 0
2.114583333333333481e+00 0.000000000000000000e+00 0
2.125000000000000000e+00 0.000000000000000000e+00 0
2.135416666666666519e+00 0.000000000000000000e+00 0
2.145833333333333481e+00 0.000000000000000000e+00 0
2.156250000000000000e+00 0.000000000000000000e+00 0
2.166666666666666519e+00 0.000000000000000000e+00 0
2.177083333333333481e+00 0.000000000000000000e+00 0
2.187500000000000000e+00 0.000000000000000000e+00 0
2.197916666666666519e+00 0.000000000000000000e+00 0
2.208333333333333481e+00 0.000000000000000000e+00 0
2.218750000000000000e+00 0.000000000000000000e+00 0
2.229166666666666519e+00 0.000000000000000000e+00 0
2.239583333333333481e+00 0.000000000000000000e+00 0
2.250000000000000000e+00 0.000000000000000000e+00 0
2.260416666666666519e+00 0.000000000000000000e+00 0
2.270833333333333481e+00 0.000000000000000000e+00 0
2.281250000000000000e+00 0.000000000000000000e+00 0
2.291666666666666519e+00 0.000000000000000000e+00 0
2.302083333333333481e+00 0.000000000000000000e+00 0
2.312500000000000000e+00 0.000000000000000000e+00 0
2.322916666666666519e+00 0.000000000000000000e+00 0
2.333333333333333481e+00 0.000000000000000000e+00 0
2.343750000000000000e+00 0.000000000000000000e+00 0
2.354166666666666519e+00 0.000000000000000000e+00 0
2.364583333333333481e+00 0.000000000000000000e+00 0
2.375000000000000000e+00 0.000000000000000000e+00 0
2.385416666666666519e+00 0.000000000000000000e+00 0
2.395833333333333481e+00 0.000000000000000000e+00 0
2.406250000000000000e+00 0.000000000000000000e+00 0
2.416666666666666519e+00 0.000000000000000000e+00 0
2.427083333333333481e+00 0.000000000000000000e+00 0
2.437500000000000000e+00 0.000000000000000000e+00 0
2.447916666666666519e+00 0.000000000000000000e+00 0
2.458333333333333481e+00 0.000000000000000000e+00 0
2.468750000000000000e+00 0.000000000000000000e+00 0
2.479166666666666519e+00 0.000000000000000000e+00 0
2.489583333333333481e+00 0.000000000000000000e+00 0
2.500000000000000000e+00 0.000000000000000000e+00 0
2.510416666666666519e+00 0.000000000000000000e+00 0
2.520833333333333481e+00 0.000000000000000000e+00 0
2.531250000000000000e+00 0.000000000000000000e+00 0
2.541666666666666519e+00 0.000000000000000000e+00 0
2.552083333333333481e+00 0.000000000000000000e+00 0
2.562500000000000000e+00 0.000000000000000000e+00 0
2.572916666666666519e+00 0.000000000000000000e+00 0
2.583333333333333481e+00 0.000000000000000000e+00 0
2.593750000000000000e+00 0.000000000000000000e+00 0
2.604166666666666519e+00 0.000000000000000000e+00 0
2.614583333333333481e+00 0.000000000000000000e+00 0
2.625000000000000000e+00 0.000000000000000000e+00 0
2.635416666666666519e+00 0.000000000000000000e+00 0
2.645833333333333481e+00 0.000000000000000000e+00 0
2.656250000000000000e+00 0.000000000000000000e+00 0
2.666666666666666519e+00 0.000000000000000000e+00 0
2.677083333333333481e+00 0.000000000000000000e+00 0
2.687500000000000000e+00 0.000000000000000000e+00 0
2.697916666666666519e+00 0.000000000000000000e+00 0
2.708333333333333481e+00 0.000000000000000000e+00 0
2.718750000000000000e+00 0.000000000000000000e+00 0
2.729166666666666519e+00 0.000000000000000000e+00 0
2.739583333333333481e+00 0.000000000000000000e+00 0
2.750000000000000000e+00 0.000000000000000000e+00 0
2.760416666666666519e+00 0.000000000000000000e+00 0
2.770833333333333481e+00 0.000000000000000000e+00 0
2.781250000000000000e+00 0.000000000000000000e+00 0
2.791666666666666519e+00 0.000000000000000000e+00 0
2.802083333333333481e+00 0.000000000000000000e+00 0
2.812500000000000000e+00 0.000000000000000000e+00 0
2.822916666666666519e+00 0.000000000000000000e+00 0
2.833333333333333481e+00 0.000000000000000000e+00 0
2.843750000000000000e+00 0.000000000000000000e+00 0
2.854166666666666519e+00 0.000000000000000000e+00 0
2.864583333333333481e+00 0.000000000000000000e+00 0
2.875000000000000000e+00 0.000000000000000000e+00 0
2.885416666666666519e+00 0.000000000000000000e+00 0
2.895833333333333481e+00 0.000000000000000000e+00 0
2.906250000000000000e+00 0.000000000000000000e+00 0
2.916666666666666519e+00 0.000000000000000000e+00 0
2.927083333333333481e+00 0.000000000000000000e+00 0
2.937500000000000000e+00 0.000000000000000000e+00 0
2.947916666666666519e+00 0.000000000000000000e+00 0
2.958333333333333481e+00 0.000000000000000000e+00 0
2.968750000000000000e+00 0.000000000000000000e+00 0
2.979166666666666519e+00 0.000000000000000000e+00 0
2.989583333333333481e+00 0.000000000000000000e+00 0
3.000000000000000000e+00 0.000000000000000000e+00 0
3.010416666666666519e+00 0.000000000000000000e+00 0
3.020833333333333481e+00 0.000000000000000000e+00 0
3.031250000000000000e+00 0.000000000000000000e+00 0
3.041666666666666519e+00 0.000000000000000000e+00 0
3.052083333333333481e+00 0.000000000000000000e+00 0
3.062500000000000000e+00 0.000000000000000000e+00 0
3.072916666666666519e+00 0.000000000000000000e+00 0
3.083333333333333481e+00 0.000000000000000000e+00 0
3.093750000000000000e+00 0.000000000000000000e+00 0
3.104166666666666519e+00 0.000000000000000000e+00 0
3.114583333333333481e+00 0.000000000000000000e+00 0
3.125000000000000000e+00 0.000000000000000000e+00 0
3.135416666666666519e+00 0.000000000000000000e+00 0
3.145833333333333481e+00 0.000000000000000000e+00 0
3.156250000000000000e+00 0.000000000000000000e+00 0
3.166666666666666519e+00 0.000000000000000000e+00 0
3.177083333333333481e+00 0.000000000000000000e+00 0
3.187500000000000000e+00 0.000000000000000000e+00 0
3.197916666666666519e+00 0.000000000000000000e+00 0
3.208333333333333481e+00 0.000000000000000000e+00 0
3.218750000000000000e+00 0.000000000000000000e+00 0
3.229166666666666519e+00 0.000000000000000000e+00 0
3.239583333333333481e+00 0.000000000000000000e+00 0
3.250000000000000000e+00 0.000000000000000000e+00 0
3.260416666666666519e+00 0.000000000000000000e+00 0
3.270833333333333481e+00 0.000000000000000000e+00 0
3.281250000000000000e+00 0.000000000000000000e+00 0
3.291666666666666519e+00 0.000000000000000000e+00 0
3.302083333333333481e+00 0.000000000000000000e+00 0
3.312500000000000000e+00 0.000000000000000000e+00 0
3.322916666666666519e+00 0.000000000000000000e+00 0
3.333333333333333481e+00 0.000000000000000000e+00 0
3.343750000000000000e+00 0.000000000000000000e+00 0
3.354166666666666519e+00 0.000000000000000000e+00 0
3.364583333333333481e+00 0.000000000000000000e+00 0
3.375000000000000000e+00 0.000000000000000000e+00 0
3.385416666666666519e+00 0.000000000000000000e+00 0
3.395833333333333481e+00 0.000000000000000000e+00 0
3.406250000000000000e+00 0.000000000000000000e+00 0
3.416666666666666519e+00 0.000000000000000000e+00 0
3.427083333333333481e+00 0.000000000000000000e+00 0
3.437500000000000000e+00 0.000000000000000000e+00 0
3.447916666666666519e+00 0.000000000000000000e+00 0
3.458333333333333481e+00 0.000000000000000000e+00 0
3.468750000000000000e+00 0.000000000000000000e+00 0
3.479166666666666519e+00 0.000000000000000000e+00 0
3.489583333333333481e+00 0.000000000000000000e+00 0
3.500000000000000000e+00 0.000000000000000000e+00 0
3.510416666666666519e+00 0.000000000000000000e+00 0
3.520833333333333481e+00 0.000000000000000000e+00 0
3.531250000000000000e+00 0.000000000000000000e+00 0
3.541666666666666519e+00 0.000000000000000000e+00 0
3.552083333333333481e+00 0.000000000000000000e+00 0
3.562500000000000000e+00 0.000000000000000000e+00 0
3.572916666666666519e+00 0.000000000000000000e+00 0
3.583333333333333481e+00 0.000000000000000000e+00 0
3.593750000000000000e+00 0.000000000000000000e+00 0
3.604166666666666519e+00 0.000000000000000000e+00 0
3.614583333333333481e+00 0.000000000000000000e+00 0
3.625000000000000000e+00 0.000000000000000000e+00 0
3.635416666666666519e+00 0.000000000000000000e+00 0
3.645833333333333481e+00 0.000000000000000000e+00 0
3.656250000000000000e+00 0.000000000000000000e+00 0
3.666666666666666519e+00 0.000000000000000000e+00 0
3.677083333333333481e+00 0.000000000000000000e+00 0
3.687500000000000000e+00 0.000000000000000000e+00 0
3.697916666666666519e+00 0.000000000000000000e+00 0
3.708333333333333481e+00 0.000000000000000000e+00 0
3.718750000000000000e+00 0.000000000000000000e+00 0
3.729166666666666519e+00 0.000000000000000000e+00 0
3.739583333333333481e+00 0.000000000000000000e+00 0
3.750000000000000000e+00 0.000000000000000000e+00 0
3.760416666666666519e+00 0.000000000000000000e+00 0
3.770833333333333481e+00 0.000000000000000000e+00 0
3.781250000000000000e+00 0.000000000000000000e+00 0
3.791666666666666519e+00 0.000000000000000000e+00 0
3.802083333333333481e+00 0.000000000000000000e+00 0
3.812500000000000000e+00 0.000000000000000000e+00 0
3.822916666666666519e+00 0.000000000000000000e+00 0
3.833333333333333481e+00 0.000000000000000000e+00 0
3.843750000000000000e+00 0.000000000000000000e+00 0
3.854166666666666519e+00 0.000000000000000000e+00 0
3.864583333333333481e+00 0.000000000000000000e+00 0
3.875000000000000000e+00 0.000000000000000000e+00 0
3.885416666666666519e+00 0.000000000000000000e+00 0
3.895833333333333481e+00 0.000000000000000000e+00 0
3.906250000000000000e+00 0.000000000000000000e+00 0
3.916666666666666519e+00 0.000000000000000000e+00 0
3.927083333333333481e+00 0.000000000000000000e+00 0
3.937500000000000000e+00 0.000000000000000000e+00 0
3.947916666666666519e+00 0.000000000000000000e+00 0
3.958333333333333481e+00 0.000000000000000000e+00 0
3.968750000000000000e+00 0.000000000000000000e+00 0
3.979166666666666519e+00 0.000000000000000000e+00 0
3.989583333333333481e+00 0.000000000000000000e+00 0
