0.000000 0.000000 0
0.006849 0.008216 0
0.013699 0.013347 0
0.020548 0.017727 0
0.027397 0.021682 0
0.034247 0.025348 0
0.041096 0.028798 0
0.047945 0.032079 0
0.054795 0.035221 0
0.061644 0.038247 0
0.068493 0.041174 0
0.075342 0.044013 0
0.082192 0.046775 0
0.089041 0.049469 0
0.095890 0.052100 0
0.102740 0.054675 0
0.109589 0.057198 0
0.116438 0.059672 0
0.123288 0.062103 0
0.130137 0.064492 0
0.136986 0.066843 0
0.143836 0.069157 0
0.150685 0.071436 0
0.157534 0.073683 0
0.164384 0.075900 0
0.171233 0.078086 0
0.178082 0.080245 0
0.184932 0.082377 0
0.191781 0.084482 0
0.198630 0.086563 0
0.205479 0.088620 0
0.212329 0.090653 0
0.219178 0.092664 0
0.226027 0.094654 0
0.232877 0.096621 0
0.239726 0.098568 0
0.246575 0.100495 0
0.253425 0.102402 0
0.260274 0.104290 0
0.267123 0.106159 0
0.273973 0.108009 0
0.280822 0.109840 0
0.287671 0.111654 0
0.294521 0.113450 0
0.301370 0.115228 0
0.308219 0.116989 0
0.315068 0.118732 0
0.321918 0.120459 0
0.328767 0.122168 0
0.335616 0.123861 0
0.342466 0.125537 0
0.349315 0.127197 0
0.356164 0.128840 0
0.363014 0.130467 0
0.369863 0.132077 0
0.376712 0.133671 0
0.383562 0.135249 0
0.390411 0.136810 0
0.397260 0.138355 0
0.404110 0.139884 0
0.410959 0.141396 0
0.417808 0.142892 0
0.424658 0.144372 0
0.431507 0.145835 0
0.438356 0.147282 0
0.445205 0.148712 0
0.452055 0.150126 0
0.458904 0.151523 0
0.465753 0.152904 0
0.472603 0.154267 0
0.479452 0.155614 0
0.486301 0.156944 0
0.493151 0.158257 0
0.500000 0.159553 0
0.506849 0.160831 0
0.513699 0.162092 0
0.520548 0.163336 0
0.527397 0.164562 0
0.534247 0.165771 0
0.541096 0.166961 0
0.547945 0.168134 0
0.554795 0.169289 0
0.561644 0.170426 0
0.568493 0.171544 0
0.575342 0.172644 0
0.582192 0.173725 0
0.589041 0.174788 0
0.595890 0.175832 0
0.602740 0.176857 0
0.609589 0.177864 0
0.616438 0.178850 0
0.623288 0.179818 0
0.630137 0.180766 0
0.636986 0.181695 0
0.643836 0.182604 0
0.650685 0.183493 0
0.657534 0.184362 0
0.664384 0.185211 0
0.671233 0.186039 0
0.678082 0.186848 0
0.684932 0.187636 0
0.691781 0.188403 0
0.698630 0.189149 0
0.705479 0.189875 0
0.712329 0.190579 0
0.719178 0.191263 0
0.726027 0.191925 0
0.732877 0.192566 0
0.739726 0.193185 0
0.746575 0.193783 0
0.753425 0.194359 0
0.760274 0.194913 0
0.767123 0.195445 0
0.773973 0.195955 0
0.780822 0.196444 0
0.787671 0.196909 0
0.794521 0.197353 0
0.801370 0.197774 0
0.808219 0.198173 0
0.815068 0.198549 0
0.821918 0.198903 0
0.828767 0.199234 0
0.835616 0.199542 0
0.842466 0.199827 0
0.849315 0.200089 0
0.856164 0.200328 0
0.863014 0.200545 0
0.869863 0.200738 0
0.876712 0.200908 0
0.883562 0.201055 0
0.890411 0.201179 0
0.897260 0.201279 0
0.904110 0.201357 0
0.910959 0.201411 0
0.917808 0.201442 0
0.924658 0.201449 0
0.931507 0.201433 0
0.938356 0.201394 0
0.945205 0.201332 0
0.952055 0.201247 0
0.958904 0.201138 0
0.965753 0.201006 0
0.972603 0.200851 0
0.979452 0.200673 0
0.986301 0.200472 0
0.993151 0.200247 0
1.000000 0.200000 0
1.006849 0.199730 0
1.013699 0.199437 0
1.020548 0.199121 0
1.027397 0.198782 0
1.034247 0.198421 0
1.041096 0.198038 0
1.047945 0.197632 0
1.054795 0.197203 0
1.061644 0.196753 0
1.068493 0.196280 0
1.075342 0.195786 0
1.082192 0.195269 0
1.089041 0.194731 0
1.095890 0.194172 0
1.102740 0.193591 0
1.109589 0.192989 0
1.116438 0.192366 0
1.123288 0.191722 0
1.130137 0.191057 0
1.136986 0.190371 0
1.143836 0.189666 0
1.150685 0.188940 0
1.157534 0.188194 0
1.164384 0.187428 0
1.171233 0.186643 0
1.178082 0.185839 0
1.184932 0.185016 0
1.191781 0.184173 0
1.198630 0.183312 0
1.205479 0.182433 0
1.212329 0.181535 0
1.219178 0.180620 0
1.226027 0.179687 0
1.232877 0.178737 0
1.239726 0.177769 0
1.246575 0.176785 0
1.253425 0.175784 0
1.260274 0.174767 0
1.267123 0.173734 0
1.273973 0.172685 0
1.280822 0.171621 0
1.287671 0.170542 0
1.294521 0.169448 0
1.301370 0.168340 0
1.308219 0.167217 0
1.315068 0.166081 0
1.321918 0.164931 0
1.328767 0.163768 0
1.335616 0.162592 0
1.342466 0.161403 0
1.349315 0.160203 0
1.356164 0.158990 0
1.363014 0.157767 0
1.369863 0.156532 0
1.376712 0.155286 0
1.383562 0.154029 0
1.390411 0.152763 0
1.397260 0.151487 0
1.404110 0.150202 0
1.410959 0.148907 0
1.417808 0.147604 0
1.424658 0.146293 0
1.431507 0.144973 0
1.438356 0.143646 0
1.445205 0.142312 0
1.452055 0.140971 0
1.458904 0.139624 0
1.465753 0.138271 0
1.472603 0.136912 0
1.479452 0.135547 0
1.486301 0.134178 0
1.493151 0.132804 0
1.500000 0.131425 0
1.506849 0.130043 0
1.513699 0.128658 0
1.520548 0.127269 0
1.527397 0.125877 0
1.534247 0.124483 0
1.541096 0.123087 0
1.547945 0.121690 0
1.554795 0.120291 0
1.561644 0.118891 0
1.568493 0.117491 0
1.575342 0.116090 0
1.582192 0.114689 0
1.589041 0.113289 0
1.595890 0.111890 0
1.602740 0.110492 0
1.609589 0.109095 0
1.616438 0.107700 0
1.623288 0.106307 0
1.630137 0.104917 0
1.636986 0.103530 0
1.643836 0.102146 0
1.650685 0.100765 0
1.657534 0.099388 0
1.664384 0.098015 0
1.671233 0.096646 0
1.678082 0.095283 0
1.684932 0.093924 0
1.691781 0.092570 0
1.698630 0.091223 0
1.705479 0.089880 0
1.712329 0.088545 0
1.719178 0.087215 0
1.726027 0.085892 0
1.732877 0.084577 0
1.739726 0.083268 0
1.746575 0.081967 0
1.753425 0.080673 0
1.760274 0.079388 0
1.767123 0.078111 0
1.773973 0.076842 0
1.780822 0.075582 0
1.787671 0.074330 0
1.794521 0.073088 0
1.801370 0.071855 0
1.808219 0.070631 0
1.815068 0.069417 0
1.821918 0.068213 0
1.828767 0.067019 0
1.835616 0.065836 0
1.842466 0.064662 0
1.849315 0.063499 0
1.856164 0.062347 0
1.863014 0.061206 0
1.869863 0.060076 0
1.876712 0.058956 0
1.883562 0.057848 0
1.890411 0.056752 0
1.897260 0.055667 0
1.904110 0.054593 0
1.910959 0.053532 0
1.917808 0.052482 0
1.924658 0.051444 0
1.931507 0.050418 0
1.938356 0.049404 0
1.945205 0.048402 0
1.952055 0.047412 0
1.958904 0.046435 0
1.965753 0.045470 0
1.972603 0.044517 0
1.979452 0.043577 0
1.986301 0.042649 0
1.993151 0.041734 0
2.000000 0.040831 0
2.006849 0.039941 0
2.013699 0.039063 0
2.020548 0.038198 0
2.027397 0.037346 0
2.034247 0.036506 0
2.041096 0.035678 0
2.047945 0.034863 0
2.054795 0.034061 0
2.061644 0.033271 0
2.068493 0.032494 0
2.075342 0.031729 0
2.082192 0.030976 0
2.089041 0.030236 0
2.095890 0.029508 0
2.102740 0.028793 0
2.109589 0.028090 0
2.116438 0.027398 0
2.123288 0.026719 0
2.130137 0.026052 0
2.136986 0.025397 0
2.143836 0.024754 0
2.150685 0.024123 0
2.157534 0.023503 0
2.164384 0.022895 0
2.171233 0.022298 0
2.178082 0.021713 0
2.184932 0.021140 0
2.191781 0.020577 0
2.198630 0.020026 0
2.205479 0.019486 0
2.212329 0.018956 0
2.219178 0.018438 0
2.226027 0.017930 0
2.232877 0.017433 0
2.239726 0.016947 0
2.246575 0.016471 0
2.253425 0.016005 0
2.260274 0.015549 0
2.267123 0.015104 0
2.273973 0.014668 0
2.280822 0.014242 0
2.287671 0.013825 0
2.294521 0.013419 0
2.301370 0.013021 0
2.308219 0.012633 0
2.315068 0.012254 0
2.321918 0.011884 0
2.328767 0.011523 0
2.335616 0.011171 0
2.342466 0.010827 0
2.349315 0.010491 0
2.356164 0.010165 0
2.363014 0.009846 0
2.369863 0.009535 0
2.376712 0.009232 0
2.383562 0.008937 0
2.390411 0.008650 0
2.397260 0.008370 0
2.404110 0.008098 0
2.410959 0.007832 0
2.417808 0.007574 0
2.424658 0.007323 0
2.431507 0.007079 0
2.438356 0.006841 0
2.445205 0.006611 0
2.452055 0.006386 0
2.458904 0.006168 0
2.465753 0.005956 0
2.472603 0.005750 0
2.479452 0.005550 0
2.486301 0.005356 0
2.493151 0.005168 0
2.500000 0.004985 0
2.506849 0.004807 0
2.513699 0.004635 0
2.520548 0.004468 0
2.527397 0.004307 0
2.534247 0.004150 0
2.541096 0.003998 0
2.547945 0.003850 0
2.554795 0.003708 0
2.561644 0.003570 0
2.568493 0.003436 0
2.575342 0.003306 0
2.582192 0.003181 0
2.589041 0.003060 0
2.595890 0.002943 0
2.602740 0.002829 0
2.609589 0.002720 0
2.616438 0.002614 0
2.623288 0.002511 0
2.630137 0.002412 0
2.636986 0.002317 0
2.643836 0.002225 0
2.650685 0.002136 0
2.657534 0.002050 0
2.664384 0.001967 0
2.671233 0.001887 0
2.678082 0.001810 0
2.684932 0.001735 0
2.691781 0.001663 0
2.698630 0.001594 0
2.705479 0.001528 0
2.712329 0.001463 0
2.719178 0.001402 0
2.726027 0.001342 0
2.732877 0.001285 0
2.739726 0.001230 0
2.746575 0.001177 0
2.753425 0.001126 0
2.760274 0.001077 0
2.767123 0.001030 0
2.773973 0.000984 0
2.780822 0.000941 0
2.787671 0.000899 0
2.794521 0.000859 0
2.801370 0.000820 0
2.808219 0.000783 0
2.815068 0.000748 0
2.821918 0.000714 0
2.828767 0.000681 0
2.835616 0.000650 0
2.842466 0.000619 0
2.849315 0.000591 0
2.856164 0.000563 0
2.863014 0.000537 0
2.869863 0.000511 0
2.876712 0.000487 0
2.883562 0.000464 0
2.890411 0.000442 0
2.897260 0.000420 0
2.904110 0.000400 0
2.910959 0.000381 0
2.917808 0.000362 0
2.924658 0.000344 0
2.931507 0.000327 0
2.938356 0.000311 0
2.945205 0.000296 0
2.952055 0.000281 0
2.958904 0.000267 0
2.965753 0.000253 0
2.972603 0.000240 0
2.979452 0.000228 0
2.986301 0.000216 0
2.993151 0.000205 0
3.000000 0.000195 0
3.006849 0.000185 0
3.013699 0.000175 0
3.020548 0.000166 0
3.027397 0.000157 0
3.034247 0.000149 0
3.041096 0.000141 0
3.047945 0.000133 0
3.054795 0.000126 0
3.061644 0.000119 0
3.068493 0.000113 0
3.075342 0.000107 0
3.082192 0.000101 0
3.089041 0.000095 0
3.095890 0.000090 0
3.102740 0.000085 0
3.109589 0.000080 0
3.116438 0.000076 0
3.123288 0.000072 0
3.130137 0.000068 0
3.136986 0.000064 0
3.143836 0.000060 0
3.150685 0.000057 0
3.157534 0.000053 0
3.164384 0.000050 0
3.171233 0.000047 0
3.178082 0.000045 0
3.184932 0.000042 0
3.191781 0.000040 0
3.198630 0.000037 0
3.205479 0.000035 0
3.212329 0.000033 0
3.219178 0.000031 0
3.226027 0.000029 0
3.232877 0.000027 0
3.239726 0.000026 0
3.246575 0.000024 0
3.253425 0.000023 0
3.260274 0.000021 0
3.267123 0.000020 0
3.273973 0.000019 0
3.280822 0.000018 0
3.287671 0.000017 0
3.294521 0.000016 0
3.301370 0.000015 0
3.308219 0.000014 0
3.315068 0.000013 0
3.321918 0.000012 0
3.328767 0.000011 0
3.335616 0.000010 0
3.342466 0.000010 0
3.349315 0.000009 0
3.356164 0.000009 0
3.363014 0.000008 0
3.369863 0.000007 0
3.376712 0.000007 0
3.383562 0.000007 0
3.390411 0.000006 0
3.397260 0.000006 0
3.404110 0.000005 0
3.410959 0.000005 0
3.417808 0.000005 0
3.424658 0.000004 0
3.431507 0.000004 0
3.438356 0.000004 0
3.445205 0.000003 0
3.452055 0.000003 0
3.458904 0.000003 0
3.465753 0.000003 0
3.472603 0.000003 0
3.479452 0.000002 0
3.486301 0.000002 0
3.493151 0.000002 0
3.500000 0.000002 0
