0.000000E+00 0.000000E+00 0 -1
1.568627E-02 8.671497E-03 0 -1
3.137255E-02 1.489567E-02 0 -1
4.705882E-02 2.051967E-02 0 -1
6.274510E-02 2.582322E-02 0 -1
7.843137E-02 3.092531E-02 0 -1
9.411765E-02 3.589032E-02 0 -1
1.098039E-01 4.075775E-02 0 -1
1.254902E-01 4.555370E-02 0 -1
1.411765E-01 5.029636E-02 0 -1
1.568627E-01 5.499878E-02 0 -1
1.725490E-01 5.967053E-02 0 -1
1.882353E-01 6.431871E-02 0 -1
2.039216E-01 6.894853E-02 0 -1
2.196078E-01 7.356379E-02 0 -1
2.352941E-01 7.816714E-02 0 -1
2.509804E-01 8.276026E-02 0 -1
2.666667E-01 8.734402E-02 0 -1
2.823529E-01 9.191857E-02 0 -1
2.980392E-01 9.648340E-02 0 -1
3.137255E-01 1.010374E-01 0 -1
3.294118E-01 1.055788E-01 0 -1
3.450980E-01 1.101055E-01 0 -1
3.607843E-01 1.146145E-01 0 -1
3.764706E-01 1.191025E-01 0 -1
3.921569E-01 1.235655E-01 0 -1
4.078431E-01 1.279990E-01 0 -1
4.235294E-01 1.323978E-01 0 -1
4.392157E-01 1.367562E-01 0 -1
4.549020E-01 1.410679E-01 0 -1
4.705882E-01 1.453258E-01 0 -1
4.862745E-01 1.495221E-01 0 -1
5.019608E-01 1.536485E-01 0 -1
5.176471E-01 1.576959E-01 0 -1
5.333333E-01 1.616542E-01 0 -1
5.490196E-01 1.655130E-01 0 -1
5.647059E-01 1.692606E-01 0 -1
5.803922E-01 1.728849E-01 0 -1
5.960784E-01 1.763728E-01 0 -1
6.117647E-01 1.797103E-01 0 -1
6.274510E-01 1.828827E-01 0 -1
6.431373E-01 1.858743E-01 0 -1
6.588235E-01 1.886687E-01 0 -1
6.745098E-01 1.912488E-01 0 -1
6.901961E-01 1.935964E-01 0 -1
7.058824E-01 1.956929E-01 0 -1
7.215686E-01 1.975188E-01 0 -1
7.372549E-01 1.990541E-01 0 -1
7.529412E-01 2.002783E-01 0 -1
7.686275E-01 2.011707E-01 0 -1
7.843137E-01 2.017102E-01 0 -1
8.000000E-01 2.018758E-01 0 -1
8.156863E-01 2.016468E-01 0 -1
8.313725E-01 2.010030E-01 0 -1
8.470588E-01 1.999250E-01 0 -1
8.627451E-01 1.983948E-01 0 -1
8.784314E-01 1.963958E-01 0 -1
8.941176E-01 1.939137E-01 0 -1
9.098039E-01 1.909369E-01 0 -1
9.254902E-01 1.874570E-01 0 -1
9.411765E-01 1.834696E-01 0 -1
9.568627E-01 1.789746E-01 0 -1
9.725490E-01 1.739774E-01 0 -1
9.882353E-01 1.684888E-01 0 -1
1.003922E+00 1.625265E-01 0 -1
1.019608E+00 1.561149E-01 0 -1
1.035294E+00 1.492857E-01 0 -1
1.050980E+00 1.420784E-01 0 -1
1.066667E+00 1.345400E-01 0 -1
1.082353E+00 1.267249E-01 0 -1
1.098039E+00 1.186943E-01 0 -1
1.113725E+00 1.105154E-01 0 -1
1.129412E+00 1.022603E-01 0 -1
1.145098E+00 9.400434E-02 0 -1
1.160784E+00 8.582429E-02 0 -1
1.176471E+00 7.779655E-02 0 -1
1.192157E+00 6.999487E-02 0 -1
1.207843E+00 6.248823E-02 0 -1
1.223529E+00 5.533880E-02 0 -1
1.239216E+00 4.860015E-02 0 -1
1.254902E+00 4.231579E-02 0 -1
1.270588E+00 3.651812E-02 0 -1
1.286275E+00 3.122793E-02 0 -1
1.301961E+00 2.645436E-02 0 -1
1.317647E+00 2.219545E-02 0 -1
1.333333E+00 1.843901E-02 0 -1
1.349020E+00 1.516470E-02 0 -1
1.364706E+00 1.234335E-02 0 -1
1.380392E+00 9.940987E-03 0 -1
1.396078E+00 7.919690E-03 0 -1
1.411765E+00 6.239961E-03 0 -1
1.427451E+00 4.860862E-03 0 -1
1.443137E+00 3.742757E-03 0 -1
1.458824E+00 2.847694E-03 0 -1
1.474510E+00 2.140373E-03 0 -1
1.490196E+00 1.588712E-03 0 -1
1.505882E+00 1.164180E-03 0 -1
1.521569E+00 8.419133E-04 0 -1
1.537255E+00 6.006675E-04 0 -1
1.552941E+00 4.226314E-04 0 -1
1.568627E+00 2.931469E-04 0 -1
1.584314E+00 2.003708E-04 0 -1
1.600000E+00 1.349064E-04 0 -1
1.615686E+00 8.943310E-05 0 -1
1.631373E+00 5.835046E-05 0 -1
1.647059E+00 3.745228E-05 0 -1
1.662745E+00 2.363726E-05 0 -1
1.678431E+00 1.466256E-05 0 -1
1.694118E+00 8.935174E-06 0 -1
1.709804E+00 5.346427E-06 0 -1
1.725490E+00 3.139597E-06 0 -1
1.741176E+00 1.808469E-06 0 -1
1.756863E+00 1.021285E-06 0 -1
1.772549E+00 5.651301E-07 0 -1
1.788235E+00 3.062509E-07 0 -1
1.803922E+00 1.624390E-07 0 -1
1.819608E+00 8.428266E-08 0 -1
1.835294E+00 4.275301E-08 0 -1
1.850980E+00 2.118926E-08 0 -1
1.866667E+00 1.025462E-08 0 -1
1.882353E+00 4.842911E-09 0 -1
1.898039E+00 2.230481E-09 0 -1
1.913725E+00 1.001179E-09 0 -1
1.929412E+00 4.376790E-10 0 -1
1.945098E+00 1.862230E-10 0 -1
1.960784E+00 7.706211E-11 0 -1
1.976471E+00 3.099329E-11 0 -1
1.992157E+00 1.210588E-11 0 -1
2.007843E+00 0.000000E+00 0 -1
2.023529E+00 0.000000E+00 0 -1
2.039216E+00 0.000000E+00 0 -1
2.054902E+00 0.000000E+00 0 -1
2.070588E+00 0.000000E+00 0 -1
2.086275E+00 0.000000E+00 0 -1
2.101961E+00 0.000000E+00 0 -1
2.117647E+00 0.000000E+00 0 -1
2.133333E+00 0.000000E+00 0 -1
2.149020E+00 0.000000E+00 0 -1
2.164706E+00 0.000000E+00 0 -1
2.180392E+00 0.000000E+00 0 -1
2.196078E+00 0.000000E+00 0 -1
2.211765E+00 0.000000E+00 0 -1
2.227451E+00 0.000000E+00 0 -1
2.243137E+00 0.000000E+00 0 -1
2.258824E+00 0.000000E+00 0 -1
2.274510E+00 0.000000E+00 0 -1
2.290196E+00 0.000000E+00 0 -1
2.305882E+00 0.000000E+00 0 -1
2.321569E+00 0.000000E+00 0 -1
2.337255E+00 0.000000E+00 0 -1
2.352941E+00 0.000000E+00 0 -1
2.368627E+00 0.000000E+00 0 -1
2.384314E+00 0.000000E+00 0 -1
2.400000E+00 0.000000E+00 0 -1
2.415686E+00 0.000000E+00 0 -1
2.431373E+00 0.000000E+00 0 -1
2.447059E+00 0.000000E+00 0 -1
2.462745E+00 0.000000E+00 0 -1
2.478431E+00 0.000000E+00 0 -1
2.494118E+00 0.000000E+00 0 -1
2.509804E+00 0.000000E+00 0 -1
2.525490E+00 0.000000E+00 0 -1
2.541176E+00 0.000000E+00 0 -1
2.556863E+00 0.000000E+00 0 -1
2.572549E+00 0.000000E+00 0 -1
2.588235E+00 0.000000E+00 0 -1
2.603922E+00 0.000000E+00 0 -1
2.619608E+00 0.000000E+00 0 -1
2.635294E+00 0.000000E+00 0 -1
2.650980E+00 0.000000E+00 0 -1
2.666667E+00 0.000000E+00 0 -1
2.682353E+00 0.000000E+00 0 -1
2.698039E+00 0.000000E+00 0 -1
2.713725E+00 0.000000E+00 0 -1
2.729412E+00 0.000000E+00 0 -1
2.745098E+00 0.000000E+00 0 -1
2.760784E+00 0.000000E+00 0 -1
2.776471E+00 0.000000E+00 0 -1
2.792157E+00 0.000000E+00 0 -1
2.807843E+00 0.000000E+00 0 -1
2.823529E+00 0.000000E+00 0 -1
2.839216E+00 0.000000E+00 0 -1
2.854902E+00 0.000000E+00 0 -1
2.870588E+00 0.000000E+00 0 -1
2.886275E+00 0.000000E+00 0 -1
2.901961E+00 0.000000E+00 0 -1
2.917647E+00 0.000000E+00 0 -1
2.933333E+00 0.000000E+00 0 -1
2.949020E+00 0.000000E+00 0 -1
2.964706E+00 0.000000E+00 0 -1
2.980392E+00 0.000000E+00 0 -1
2.996078E+00 0.000000E+00 0 -1
3.011765E+00 0.000000E+00 0 -1
3.027451E+00 0.000000E+00 0 -1
3.043137E+00 0.000000E+00 0 -1
3.058824E+00 0.000000E+00 0 -1
3.074510E+00 0.000000E+00 0 -1
3.090196E+00 0.000000E+00 0 -1
3.105882E+00 0.000000E+00 0 -1
3.121569E+00 0.000000E+00 0 -1
3.137255E+00 0.000000E+00 0 -1
3.152941E+00 0.000000E+00 0 -1
3.168627E+00 0.000000E+00 0 -1
3.184314E+00 0.000000E+00 0 -1
3.200000E+00 0.000000E+00 0 -1
3.215686E+00 0.000000E+00 0 -1
3.231373E+00 0.000000E+00 0 -1
3.247059E+00 0.000000E+00 0 -1
3.262745E+00 0.000000E+00 0 -1
3.278431E+00 0.000000E+00 0 -1
3.294118E+00 0.000000E+00 0 -1
3.309804E+00 0.000000E+00 0 -1
3.325490E+00 0.000000E+00 0 -1
3.341176E+00 0.000000E+00 0 -1
3.356863E+00 0.000000E+00 0 -1
3.372549E+00 0.000000E+00 0 -1
3.388235E+00 0.000000E+00 0 -1
3.403922E+00 0.000000E+00 0 -1
3.419608E+00 0.000000E+00 0 -1
3.435294E+00 0.000000E+00 0 -1
3.450980E+00 0.000000E+00 0 -1
3.466667E+00 0.000000E+00 0 -1
3.482353E+00 0.000000E+00 0 -1
3.498039E+00 0.000000E+00 0 -1
3.513725E+00 0.000000E+00 0 -1
3.529412E+00 0.000000E+00 0 -1
3.545098E+00 0.000000E+00 0 -1
3.560784E+00 0.000000E+00 0 -1
3.576471E+00 0.000000E+00 0 -1
3.592157E+00 0.000000E+00 0 -1
3.607843E+00 0.000000E+00 0 -1
3.623529E+00 0.000000E+00 0 -1
3.639216E+00 0.000000E+00 0 -1
3.654902E+00 0.000000E+00 0 -1
3.670588E+00 0.000000E+00 0 -1
3.686275E+00 0.000000E+00 0 -1
3.701961E+00 0.000000E+00 0 -1
3.717647E+00 0.000000E+00 0 -1
3.733333E+00 0.000000E+00 0 -1
3.749020E+00 0.000000E+00 0 -1
3.764706E+00 0.000000E+00 0 -1
3.780392E+00 0.000000E+00 0 -1
3.796078E+00 0.000000E+00 0 -1
3.811765E+00 0.000000E+00 0 -1
3.827451E+00 0.000000E+00 0 -1
3.843137E+00 0.000000E+00 0 -1
3.858824E+00 0.000000E+00 0 -1
3.874510E+00 0.000000E+00 0 -1
3.890196E+00 0.000000E+00 0 -1
3.905882E+00 0.000000E+00 0 -1
3.921569E+00 0.000000E+00 0 -1
3.937255E+00 0.000000E+00 0 -1
3.952941E+00 0.000000E+00 0 -1
3.968627E+00 0.000000E+00 0 -1
3.984314E+00 0.000000E+00 0 -1
4.000000E+00 0.000000E+00 0 -1
