0.000000E+00 0.000000E+00 0 -1
1.568627E-02 9.977826E-03 0 -1
3.137255E-02 1.683489E-02 0 -1
4.705882E-02 2.307965E-02 0 -1
6.274510E-02 2.905217E-02 0 -1
7.843137E-02 3.489209E-02 0 -1
9.411765E-02 4.067324E-02 0 -1
1.098039E-01 4.644025E-02 0 -1
1.254902E-01 5.222241E-02 0 -1
1.411765E-01 5.804001E-02 0 -1
1.568627E-01 6.390766E-02 0 -1
1.725490E-01 6.983616E-02 0 -1
1.882353E-01 7.583356E-02 0 -1
2.039216E-01 8.190588E-02 0 -1
2.196078E-01 8.805758E-02 0 -1
2.352941E-01 9.429182E-02 0 -1
2.509804E-01 1.006107E-01 0 -1
2.666667E-01 1.070153E-01 0 -1
2.823529E-01 1.135059E-01 0 -1
2.980392E-01 1.200820E-01 0 -1
3.137255E-01 1.267422E-01 0 -1
3.294118E-01 1.334843E-01 0 -1
3.450980E-01 1.403055E-01 0 -1
3.607843E-01 1.472020E-01 0 -1
3.764706E-01 1.541692E-01 0 -1
3.921569E-01 1.612016E-01 0 -1
4.078431E-01 1.682929E-01 0 -1
4.235294E-01 1.754356E-01 0 -1
4.392157E-01 1.826214E-01 0 -1
4.549020E-01 1.898408E-01 0 -1
4.705882E-01 1.970830E-01 0 -1
4.862745E-01 2.043363E-01 0 -1
5.019608E-01 2.115872E-01 0 -1
5.176471E-01 2.188214E-01 0 -1
5.333333E-01 2.260228E-01 0 -1
5.490196E-01 2.331738E-01 0 -1
5.647059E-01 2.402554E-01 0 -1
5.803922E-01 2.472466E-01 0 -1
5.960784E-01 2.541250E-01 0 -1
6.117647E-01 2.608662E-01 0 -1
6.274510E-01 2.674440E-01 0 -1
6.431373E-01 2.738304E-01 0 -1
6.588235E-01 2.799953E-01 0 -1
6.745098E-01 2.859067E-01 0 -1
6.901961E-01 2.915307E-01 0 -1
7.058824E-01 2.968314E-01 0 -1
7.215686E-01 3.017710E-01 0 -1
7.372549E-01 3.063101E-01 0 -1
7.529412E-01 3.104072E-01 0 -1
7.686275E-01 3.140198E-01 0 -1
7.843137E-01 3.171038E-01 0 -1
8.000000E-01 3.196142E-01 0 -1
8.156863E-01 3.215054E-01 0 -1
8.313725E-01 3.227318E-01 0 -1
8.470588E-01 3.232479E-01 0 -1
8.627451E-01 3.230096E-01 0 -1
8.784314E-01 3.219744E-01 0 -1
8.941176E-01 3.201025E-01 0 -1
9.098039E-01 3.173580E-01 0 -1
9.254902E-01 3.137097E-01 0 -1
9.411765E-01 3.091325E-01 0 -1
9.568627E-01 3.036088E-01 0 -1
9.725490E-01 2.971294E-01 0 -1
9.882353E-01 2.896958E-01 0 -1
1.003922E+00 2.813206E-01 0 -1
1.019608E+00 2.720295E-01 0 -1
1.035294E+00 2.618622E-01 0 -1
1.050980E+00 2.508730E-01 0 -1
1.066667E+00 2.391316E-01 0 -1
1.082353E+00 2.267231E-01 0 -1
1.098039E+00 2.137473E-01 0 -1
1.113725E+00 2.003178E-01 0 -1
1.129412E+00 1.865600E-01 0 -1
1.145098E+00 1.726088E-01 0 -1
1.160784E+00 1.586054E-01 0 -1
1.176471E+00 1.446938E-01 0 -1
1.192157E+00 1.310168E-01 0 -1
1.207843E+00 1.177117E-01 0 -1
1.223529E+00 1.049061E-01 0 -1
1.239216E+00 9.271461E-02 0 -1
1.254902E+00 8.123478E-02 0 -1
1.270588E+00 7.054507E-02 0 -1
1.286275E+00 6.070296E-02 0 -1
1.301961E+00 5.174428E-02 0 -1
1.317647E+00 4.368347E-02 0 -1
1.333333E+00 3.651481E-02 0 -1
1.349020E+00 3.021577E-02 0 -1
1.364706E+00 2.474522E-02 0 -1
1.380392E+00 2.005102E-02 0 -1
1.396078E+00 1.607142E-02 0 -1
1.411765E+00 1.273965E-02 0 -1
1.427451E+00 9.984094E-03 0 -1
1.443137E+00 7.733880E-03 0 -1
1.458824E+00 5.919707E-03 0 -1
1.474510E+00 4.475979E-03 0 -1
1.490196E+00 3.342153E-03 0 -1
1.505882E+00 2.463625E-03 0 -1
1.521569E+00 1.792198E-03 0 -1
1.537255E+00 1.286199E-03 0 -1
1.552941E+00 9.102943E-04 0 -1
1.568627E+00 6.351009E-04 0 -1
1.584314E+00 4.366367E-04 0 -1
1.600000E+00 2.956910E-04 0 -1
1.615686E+00 1.971582E-04 0 -1
1.631373E+00 1.293788E-04 0 -1
1.647059E+00 8.352008E-05 0 -1
1.662745E+00 5.301455E-05 0 -1
1.678431E+00 3.307383E-05 0 -1
1.694118E+00 2.026964E-05 0 -1
1.709804E+00 1.219738E-05 0 -1
1.725490E+00 7.203254E-06 0 -1
1.741176E+00 4.172624E-06 0 -1
1.756863E+00 2.369630E-06 0 -1
1.772549E+00 1.318588E-06 0 -1
1.788235E+00 7.185506E-07 0 -1
1.803922E+00 3.832493E-07 0 -1
1.819608E+00 1.999551E-07 0 -1
1.835294E+00 1.019897E-07 0 -1
1.850980E+00 5.082680E-08 0 -1
1.866667E+00 2.473297E-08 0 -1
1.882353E+00 1.174451E-08 0 -1
1.898039E+00 5.438652E-09 0 -1
1.913725E+00 2.454489E-09 0 -1
1.929412E+00 1.078832E-09 0 -1
1.945098E+00 4.615013E-10 0 -1
1.960784E+00 1.920058E-10 0 -1
1.976471E+00 7.763682E-11 0 -1
1.992157E+00 3.048704E-11 0 -1
2.007843E+00 0.000000E+00 0 -1
2.023529E+00 0.000000E+00 0 -1
2.039216E+00 0.000000E+00 0 -1
2.054902E+00 0.000000E+00 0 -1
2.070588E+00 0.000000E+00 0 -1
2.086275E+00 0.000000E+00 0 -1
2.101961E+00 0.000000E+00 0 -1
2.117647E+00 0.000000E+00 0 -1
2.133333E+00 0.000000E+00 0 -1
2.149020E+00 0.000000E+00 0 -1
2.164706E+00 0.000000E+00 0 -1
2.180392E+00 0.000000E+00 0 -1
2.196078E+00 0.000000E+00 0 -1
2.211765E+00 0.000000E+00 0 -1
2.227451E+00 0.000000E+00 0 -1
2.243137E+00 0.000000E+00 0 -1
2.258824E+00 0.000000E+00 0 -1
2.274510E+00 0.000000E+00 0 -1
2.290196E+00 0.000000E+00 0 -1
2.305882E+00 0.000000E+00 0 -1
2.321569E+00 0.000000E+00 0 -1
2.337255E+00 0.000000E+00 0 -1
2.352941E+00 0.000000E+00 0 -1
2.368627E+00 0.000000E+00 0 -1
2.384314E+00 0.000000E+00 0 -1
2.400000E+00 0.000000E+00 0 -1
2.415686E+00 0.000000E+00 0 -1
2.431373E+00 0.000000E+00 0 -1
2.447059E+00 0.000000E+00 0 -1
2.462745E+00 0.000000E+00 0 -1
2.478431E+00 0.000000E+00 0 -1
2.494118E+00 0.000000E+00 0 -1
2.509804E+00 0.000000E+00 0 -1
2.525490E+00 0.000000E+00 0 -1
2.541176E+00 0.000000E+00 0 -1
2.556863E+00 0.000000E+00 0 -1
2.572549E+00 0.000000E+00 0 -1
2.588235E+00 0.000000E+00 0 -1
2.603922E+00 0.000000E+00 0 -1
2.619608E+00 0.000000E+00 0 -1
2.635294E+00 0.000000E+00 0 -1
2.650980E+00 0.000000E+00 0 -1
2.666667E+00 0.000000E+00 0 -1
2.682353E+00 0.000000E+00 0 -1
2.698039E+00 0.000000E+00 0 -1
2.713725E+00 0.000000E+00 0 -1
2.729412E+00 0.000000E+00 0 -1
2.745098E+00 0.000000E+00 0 -1
2.760784E+00 0.000000E+00 0 -1
2.776471E+00 0.000000E+00 0 -1
2.792157E+00 0.000000E+00 0 -1
2.807843E+00 0.000000E+00 0 -1
2.823529E+00 0.000000E+00 0 -1
2.839216E+00 0.000000E+00 0 -1
2.854902E+00 0.000000E+00 0 -1
2.870588E+00 0.000000E+00 0 -1
2.886275E+00 0.000000E+00 0 -1
2.901961E+00 0.000000E+00 0 -1
2.917647E+00 0.000000E+00 0 -1
2.933333E+00 0.000000E+00 0 -1
2.949020E+00 0.000000E+00 0 -1
2.964706E+00 0.000000E+00 0 -1
2.980392E+00 0.000000E+00 0 -1
2.996078E+00 0.000000E+00 0 -1
3.011765E+00 0.000000E+00 0 -1
3.027451E+00 0.000000E+00 0 -1
3.043137E+00 0.000000E+00 0 -1
3.058824E+00 0.000000E+00 0 -1
3.074510E+00 0.000000E+00 0 -1
3.090196E+00 0.000000E+00 0 -1
3.105882E+00 0.000000E+00 0 -1
3.121569E+00 0.000000E+00 0 -1
3.137255E+00 0.000000E+00 0 -1
3.152941E+00 0.000000E+00 0 -1
3.168627E+00 0.000000E+00 0 -1
3.184314E+00 0.000000E+00 0 -1
3.200000E+00 0.000000E+00 0 -1
3.215686E+00 0.000000E+00 0 -1
3.231373E+00 0.000000E+00 0 -1
3.247059E+00 0.000000E+00 0 -1
3.262745E+00 0.000000E+00 0 -1
3.278431E+00 0.000000E+00 0 -1
3.294118E+00 0.000000E+00 0 -1
3.309804E+00 0.000000E+00 0 -1
3.325490E+00 0.000000E+00 0 -1
3.341176E+00 0.000000E+00 0 -1
3.356863E+00 0.000000E+00 0 -1
3.372549E+00 0.000000E+00 0 -1
3.388235E+00 0.000000E+00 0 -1
3.403922E+00 0.000000E+00 0 -1
3.419608E+00 0.000000E+00 0 -1
3.435294E+00 0.000000E+00 0 -1
3.450980E+00 0.000000E+00 0 -1
3.466667E+00 0.000000E+00 0 -1
3.482353E+00 0.000000E+00 0 -1
3.498039E+00 0.000000E+00 0 -1
3.513725E+00 0.000000E+00 0 -1
3.529412E+00 0.000000E+00 0 -1
3.545098E+00 0.000000E+00 0 -1
3.560784E+00 0.000000E+00 0 -1
3.576471E+00 0.000000E+00 0 -1
3.592157E+00 0.000000E+00 0 -1
3.607843E+00 0.000000E+00 0 -1
3.623529E+00 0.000000E+00 0 -1
3.639216E+00 0.000000E+00 0 -1
3.654902E+00 0.000000E+00 0 -1
3.670588E+00 0.000000E+00 0 -1
3.686275E+00 0.000000E+00 0 -1
3.701961E+00 0.000000E+00 0 -1
3.717647E+00 0.000000E+00 0 -1
3.733333E+00 0.000000E+00 0 -1
3.749020E+00 0.000000E+00 0 -1
3.764706E+00 0.000000E+00 0 -1
3.780392E+00 0.000000E+00 0 -1
3.796078E+00 0.000000E+00 0 -1
3.811765E+00 0.000000E+00 0 -1
3.827451E+00 0.000000E+00 0 -1
3.843137E+00 0.000000E+00 0 -1
3.858824E+00 0.000000E+00 0 -1
3.874510E+00 0.000000E+00 0 -1
3.890196E+00 0.000000E+00 0 -1
3.905882E+00 0.000000E+00 0 -1
3.921569E+00 0.000000E+00 0 -1
3.937255E+00 0.000000E+00 0 -1
3.952941E+00 0.000000E+00 0 -1
3.968627E+00 0.000000E+00 0 -1
3.984314E+00 0.000000E+00 0 -1
4.000000E+00 0.000000E+00 0 -1
