0.000000 0.000000
0.015686 0.090369
0.031373 0.357774
0.047059 0.794334
0.062745 1.390039
0.078431 2.133404
0.094118 3.011894
0.109804 4.012246
0.125490 5.120732
0.141176 6.323373
0.156863 7.606134
0.172549 8.955079
0.188235 10.356513
0.203922 11.797102
0.219608 13.263973
0.235294 14.744800
0.250980 16.227875
0.266667 17.702166
0.282353 19.157363
0.298039 20.583910
0.313725 21.973030
0.329412 23.316741
0.345098 24.607858
0.360784 25.839993
0.376471 27.007549
0.392157 28.105701
0.407843 29.130377
0.423529 30.078238
0.439216 30.946641
0.454902 31.733616
0.470588 32.437825
0.486275 33.058529
0.501961 33.595547
0.517647 34.049220
0.533333 34.420367
0.549020 34.710247
0.564706 34.920518
0.580392 35.053195
0.596078 35.110616
0.611765 35.095395
0.627451 35.010395
0.643137 34.858682
0.658824 34.643498
0.674510 34.368223
0.690196 34.036347
0.705882 33.651441
0.721569 33.217125
0.737255 32.737048
0.752941 32.214863
0.768627 31.654202
0.784314 31.058659
0.800000 30.431773
0.815686 29.777010
0.831373 29.097749
0.847059 28.397271
0.862745 27.678746
0.878431 26.945226
0.894118 26.199635
0.909804 25.444765
0.925490 24.683269
0.941176 23.917660
0.956863 23.150304
0.972549 22.383423
0.988235 21.619095
1.003922 20.859248
1.019608 20.105670
1.035294 19.360005
1.050980 18.623756
1.066667 17.898292
1.082353 17.184849
1.098039 16.484535
1.113725 15.798333
1.129412 15.127109
1.145098 14.471615
1.160784 13.832493
1.176471 13.210285
1.192157 12.605433
1.207843 12.018290
1.223529 11.449122
1.239216 10.898113
1.254902 10.365374
1.270588 9.850946
1.286275 9.354806
1.301961 8.876874
1.317647 8.417012
1.333333 7.975037
1.349020 7.550721
1.364706 7.143795
1.380392 6.753956
1.396078 6.380869
1.411765 6.024174
1.427451 5.683484
1.443137 5.358395
1.458824 5.048485
1.474510 4.753318
1.490196 4.472447
1.505882 4.205419
1.521569 3.951773
1.537255 3.711045
1.552941 3.482770
1.568627 3.266483
1.584314 3.061724
1.600000 2.868032
1.615686 2.684954
1.631373 2.512044
1.647059 2.348862
1.662745 2.194978
1.678431 2.049970
1.694118 1.913426
1.709804 1.784945
1.725490 1.664139
1.741176 1.550627
1.756863 1.444046
1.772549 1.344039
1.788235 1.250266
1.803922 1.162397
1.819608 1.080114
1.835294 1.003114
1.850980 0.931103
1.866667 0.863802
1.882353 0.800943
1.898039 0.742268
1.913725 0.687534
1.929412 0.636507
1.945098 0.588965
1.960784 0.544697
1.976471 0.503501
1.992157 0.465188
2.007843 0.429575
2.023529 0.396493
2.039216 0.365778
2.054902 0.337278
2.070588 0.310848
2.086275 0.286350
2.101961 0.263657
2.117647 0.242647
2.133333 0.223205
2.149020 0.205225
2.164706 0.188605
2.180392 0.173250
2.196078 0.159072
2.211765 0.145987
2.227451 0.133918
2.243137 0.122791
2.258824 0.112537
2.274510 0.103094
2.290196 0.094400
2.305882 0.086402
2.321569 0.079046
2.337255 0.072285
2.352941 0.066074
2.368627 0.060370
2.384314 0.055134
2.400000 0.050331
2.415686 0.045927
2.431373 0.041891
2.447059 0.038193
2.462745 0.034807
2.478431 0.031708
2.494118 0.028872
2.509804 0.026280
2.525490 0.023910
2.541176 0.021745
2.556863 0.019768
2.572549 0.017964
2.588235 0.016317
2.603922 0.014816
2.619608 0.013447
2.635294 0.012200
2.650980 0.011064
2.666667 0.010030
2.682353 0.009089
2.698039 0.008233
2.713725 0.007455
2.729412 0.006748
2.745098 0.006105
2.760784 0.005522
2.776471 0.004992
2.792157 0.004512
2.807843 0.004076
2.823529 0.003681
2.839216 0.003323
2.854902 0.002998
2.870588 0.002705
2.886275 0.002439
2.901961 0.002198
2.917647 0.001981
2.933333 0.001784
2.949020 0.001606
2.964706 0.001446
2.980392 0.001301
2.996078 0.001170
3.011765 0.001052
3.027451 0.000945
3.043137 0.000849
3.058824 0.000763
3.074510 0.000685
3.090196 0.000615
3.105882 0.000551
3.121569 0.000495
3.137255 0.000443
3.152941 0.000397
3.168627 0.000356
3.184314 0.000319
3.200000 0.000285
3.215686 0.000255
3.231373 0.000229
3.247059 0.000204
3.262745 0.000183
3.278431 0.000163
3.294118 0.000146
3.309804 0.000130
3.325490 0.000116
3.341176 0.000104
3.356863 0.000093
3.372549 0.000083
3.388235 0.000074
3.403922 0.000066
3.419608 0.000059
3.435294 0.000052
3.450980 0.000046
3.466667 0.000041
3.482353 0.000037
3.498039 0.000033
3.513725 0.000029
3.529412 0.000026
3.545098 0.000023
3.560784 0.000020
3.576471 0.000018
3.592157 0.000016
3.607843 0.000014
3.623529 0.000013
3.639216 0.000011
3.654902 0.000010
3.670588 0.000009
3.686275 0.000008
3.701961 0.000007
3.717647 0.000006
3.733333 0.000005
3.749020 0.000005
3.764706 0.000004
3.780392 0.000004
3.796078 0.000003
3.811765 0.000003
3.827451 0.000003
3.843137 0.000002
3.858824 0.000002
3.874510 0.000002
3.890196 0.000002
3.905882 0.000001
3.921569 0.000001
3.937255 0.000001
3.952941 0.000001
3.968627 0.000001
3.984314 0.000001
4.000000 0.000001