# Dimensionless power spectra l*(l+1)*C_l/(2*pi)
# [0] l, [1] l1l1, [2] l1l2, [3] l2l2,
2 2.383333E-08 2.510123E-08 2.653139E-08 
3 4.968711E-08 5.276131E-08 5.631524E-08 
4 8.390981E-08 8.970467E-08 9.653327E-08 
5 1.254657E-07 1.349209E-07 1.462397E-07 
6 1.729855E-07 1.870060E-07 2.040217E-07 
7 2.252933E-07 2.447285E-07 2.686070E-07 
8 2.813463E-07 3.069743E-07 3.388161E-07 
9 3.402315E-07 3.727502E-07 4.135740E-07 
10 4.011678E-07 4.411904E-07 4.919228E-07 
11 4.634973E-07 5.115524E-07 5.730231E-07 
12 5.266747E-07 5.832082E-07 6.561486E-07 
13 5.902539E-07 6.556334E-07 7.406776E-07 
14 6.538757E-07 7.283956E-07 8.260834E-07 
15 7.172561E-07 8.011434E-07 9.119254E-07 
16 7.801747E-07 8.735956E-07 9.978385E-07 
17 8.424650E-07 9.455319E-07 1.083525E-06 
18 9.040074E-07 1.016786E-06 1.168747E-06 
19 9.647116E-07 1.087224E-06 1.253307E-06 
20 1.024529E-06 1.156766E-06 1.337069E-06 
21 1.083426E-06 1.225347E-06 1.419916E-06 
22 1.141392E-06 1.292936E-06 1.501775E-06 
23 1.198429E-06 1.359512E-06 1.582587E-06 
24 1.254550E-06 1.425078E-06 1.662325E-06 
25 1.309776E-06 1.489643E-06 1.740971E-06 
26 1.364133E-06 1.553228E-06 1.818526E-06 
27 1.417648E-06 1.615856E-06 1.894997E-06 
28 1.470350E-06 1.677556E-06 1.970403E-06 
29 1.522271E-06 1.738361E-06 2.044768E-06 
30 1.573437E-06 1.798301E-06 2.118117E-06 
31 1.623870E-06 1.857403E-06 2.190479E-06 
32 1.673597E-06 1.915700E-06 2.261888E-06 
33 1.722639E-06 1.973219E-06 2.332372E-06 
34 1.771007E-06 2.029980E-06 2.401959E-06 
35 1.818718E-06 2.086006E-06 2.470677E-06 
36 1.865781E-06 2.141314E-06 2.538552E-06 
37 1.912195E-06 2.195910E-06 2.605600E-06 
38 1.957975E-06 2.249817E-06 2.671850E-06 
39 2.003127E-06 2.303046E-06 2.737323E-06 
40 2.047646E-06 2.355598E-06 2.802030E-06 
41 2.091515E-06 2.407461E-06 2.865971E-06 
42 2.134737E-06 2.458645E-06 2.929161E-06 
43 2.177313E-06 2.509151E-06 2.991612E-06 
44 2.219227E-06 2.558969E-06 3.053320E-06 
45 2.260461E-06 2.608080E-06 3.114275E-06 
46 2.301016E-06 2.656488E-06 3.174487E-06 
47 2.340895E-06 2.704196E-06 3.233963E-06 
48 2.380089E-06 2.751194E-06 3.292698E-06 
49 2.418579E-06 2.797462E-06 3.350676E-06 
50 2.456343E-06 2.842974E-06 3.407872E-06 
51 2.493380E-06 2.887728E-06 3.464289E-06 
52 2.529695E-06 2.931725E-06 3.519926E-06 
53 2.565283E-06 2.974957E-06 3.574776E-06 
54 2.600131E-06 3.017406E-06 3.628819E-06 
55 2.634226E-06 3.059053E-06 3.682032E-06 
56 2.667576E-06 3.099901E-06 3.734418E-06 
57 2.700189E-06 3.139956E-06 3.785978E-06 
58 2.732072E-06 3.179218E-06 3.836710E-06 
59 2.763224E-06 3.217681E-06 3.886602E-06 
60 2.793640E-06 3.255332E-06 3.935634E-06 
61 2.823315E-06 3.292158E-06 3.983785E-06 
62 2.852263E-06 3.328170E-06 4.031061E-06 
63 2.880502E-06 3.363382E-06 4.077472E-06 
64 2.908049E-06 3.397806E-06 4.123023E-06 
65 2.934917E-06 3.431449E-06 4.167714E-06 
66 2.961114E-06 3.464316E-06 4.211541E-06 
67 2.986648E-06 3.496406E-06 4.254493E-06 
68 3.011526E-06 3.527720E-06 4.296559E-06 
69 3.035768E-06 3.558277E-06 4.337755E-06 
70 3.059399E-06 3.588099E-06 4.378095E-06 
71 3.082441E-06 3.617207E-06 4.417596E-06 
72 3.104914E-06 3.645620E-06 4.456268E-06 
73 3.126838E-06 3.673353E-06 4.494123E-06 
74 3.148229E-06 3.700421E-06 4.531164E-06 
75 3.169101E-06 3.726836E-06 4.567396E-06 
76 3.189469E-06 3.752610E-06 4.602820E-06 
77 3.209355E-06 3.777765E-06 4.637457E-06 
78 3.228785E-06 3.802329E-06 4.671332E-06 
79 3.247781E-06 3.826324E-06 4.704467E-06 
80 3.266366E-06 3.849775E-06 4.736882E-06 
81 3.284559E-06 3.872702E-06 4.768597E-06 
82 3.302380E-06 3.895125E-06 4.799630E-06 
83 3.319843E-06 3.917061E-06 4.829996E-06 
84 3.336964E-06 3.938528E-06 4.859709E-06 
85 3.353762E-06 3.959547E-06 4.888789E-06 
86 3.370251E-06 3.980143E-06 4.917258E-06 
87 3.386448E-06 4.000336E-06 4.945133E-06 
88 3.402366E-06 4.020147E-06 4.972433E-06 
89 3.418015E-06 4.039592E-06 4.999171E-06 
90 3.433402E-06 4.058690E-06 5.025361E-06 
91 3.448534E-06 4.077452E-06 5.051013E-06 
92 3.463415E-06 4.095892E-06 5.076135E-06 
93 3.478046E-06 4.114021E-06 5.100736E-06 
94 3.492443E-06 4.131857E-06 5.124842E-06 
95 3.506622E-06 4.149419E-06 5.148479E-06 
96 3.520598E-06 4.166724E-06 5.171675E-06 
97 3.534383E-06 4.183787E-06 5.194456E-06 
98 3.547991E-06 4.200623E-06 5.216847E-06 
99 3.561430E-06 4.217243E-06 5.238871E-06 
100 3.574708E-06 4.233657E-06 5.260551E-06 
101 3.587832E-06 4.249874E-06 5.281910E-06 
102 3.600807E-06 4.265897E-06 5.302967E-06 
103 3.613634E-06 4.281731E-06 5.323740E-06 
104 3.626314E-06 4.297379E-06 5.344248E-06 
105 3.638855E-06 4.312850E-06 5.364506E-06 
106 3.651260E-06 4.328154E-06 5.384527E-06 
107 3.663534E-06 4.343297E-06 5.404323E-06 
108 3.675679E-06 4.358286E-06 5.423905E-06 
109 3.687695E-06 4.373126E-06 5.443281E-06 
110 3.699581E-06 4.387818E-06 5.462456E-06 
111 3.711332E-06 4.402362E-06 5.481435E-06 
112 3.722944E-06 4.416757E-06 5.500218E-06 
113 3.734407E-06 4.430998E-06 5.518806E-06 
114 3.745711E-06 4.445078E-06 5.537195E-06 
115 3.756845E-06 4.458989E-06 5.555379E-06 
116 3.767796E-06 4.472722E-06 5.573354E-06 
117 3.778568E-06 4.486281E-06 5.591126E-06 
118 3.789165E-06 4.499670E-06 5.608705E-06 
119 3.799590E-06 4.512894E-06 5.626098E-06 
120 3.809847E-06 4.525954E-06 5.643312E-06 
121 3.819938E-06 4.538851E-06 5.660352E-06 
122 3.829863E-06 4.551586E-06 5.677222E-06 
123 3.839623E-06 4.564155E-06 5.693922E-06 
124 3.849214E-06 4.576556E-06 5.710452E-06 
125 3.858635E-06 4.588783E-06 5.726812E-06 
126 3.867881E-06 4.600829E-06 5.742997E-06 
127 3.876946E-06 4.612687E-06 5.759002E-06 
128 3.885825E-06 4.624345E-06 5.774820E-06 
129 3.894510E-06 4.635794E-06 5.790444E-06 
130 3.903007E-06 4.647038E-06 5.805877E-06 
131 3.911320E-06 4.658082E-06 5.821124E-06 
132 3.919455E-06 4.668929E-06 5.836190E-06 
133 3.927415E-06 4.679583E-06 5.851076E-06 
134 3.935206E-06 4.690047E-06 5.865785E-06 
135 3.942831E-06 4.700323E-06 5.880317E-06 
136 3.950292E-06 4.710412E-06 5.894670E-06 
137 3.957592E-06 4.720314E-06 5.908844E-06 
138 3.964731E-06 4.730028E-06 5.922834E-06 
139 3.971711E-06 4.739553E-06 5.936635E-06 
140 3.978532E-06 4.748886E-06 5.950243E-06 
141 3.985192E-06 4.758024E-06 5.963648E-06 
142 3.991691E-06 4.766962E-06 5.976841E-06 
143 3.998027E-06 4.775694E-06 5.989813E-06 
144 4.004197E-06 4.784216E-06 6.002555E-06 
145 4.010207E-06 4.792533E-06 6.015069E-06 
146 4.016065E-06 4.800652E-06 6.027360E-06 
147 4.021776E-06 4.808580E-06 6.039436E-06 
148 4.027346E-06 4.816322E-06 6.051299E-06 
149 4.032782E-06 4.823886E-06 6.062954E-06 
150 4.038088E-06 4.831275E-06 6.074404E-06 
151 4.043271E-06 4.838497E-06 6.085652E-06 
152 4.048335E-06 4.845555E-06 6.096701E-06 
153 4.053285E-06 4.852454E-06 6.107551E-06 
154 4.058124E-06 4.859198E-06 6.118203E-06 
155 4.062858E-06 4.865791E-06 6.128658E-06 
156 4.067489E-06 4.872236E-06 6.138915E-06 
157 4.072020E-06 4.878536E-06 6.148972E-06 
158 4.076454E-06 4.884692E-06 6.158827E-06 
159 4.080793E-06 4.890707E-06 6.168477E-06 
160 4.085040E-06 4.896582E-06 6.177918E-06 
161 4.089196E-06 4.902319E-06 6.187148E-06 
162 4.093265E-06 4.907922E-06 6.196172E-06 
163 4.097253E-06 4.913400E-06 6.204996E-06 
164 4.101165E-06 4.918757E-06 6.213629E-06 
165 4.105003E-06 4.924000E-06 6.222074E-06 
166 4.108773E-06 4.929134E-06 6.230340E-06 
167 4.112478E-06 4.934164E-06 6.238432E-06 
168 4.116121E-06 4.939096E-06 6.246355E-06 
169 4.119706E-06 4.943935E-06 6.254114E-06 
170 4.123235E-06 4.948685E-06 6.261715E-06 
171 4.126711E-06 4.953350E-06 6.269161E-06 
172 4.130135E-06 4.957935E-06 6.276458E-06 
173 4.133510E-06 4.962441E-06 6.283609E-06 
174 4.136836E-06 4.966874E-06 6.290617E-06 
175 4.140116E-06 4.971236E-06 6.297485E-06 
176 4.143348E-06 4.975529E-06 6.304217E-06 
177 4.146534E-06 4.979755E-06 6.310814E-06 
178 4.149674E-06 4.983916E-06 6.317279E-06 
179 4.152766E-06 4.988014E-06 6.323612E-06 
180 4.155810E-06 4.992050E-06 6.329817E-06 
181 4.158808E-06 4.996027E-06 6.335896E-06 
182 4.161763E-06 4.999949E-06 6.341858E-06 
183 4.164677E-06 5.003818E-06 6.347706E-06 
184 4.167551E-06 5.007638E-06 6.353447E-06 
185 4.170387E-06 5.011411E-06 6.359085E-06 
186 4.173186E-06 5.015139E-06 6.364625E-06 
187 4.175950E-06 5.018824E-06 6.370071E-06 
188 4.178678E-06 5.022468E-06 6.375428E-06 
189 4.181372E-06 5.026071E-06 6.380700E-06 
190 4.184031E-06 5.029635E-06 6.385891E-06 
191 4.186655E-06 5.033159E-06 6.391003E-06 
192 4.189243E-06 5.036645E-06 6.396039E-06 
193 4.191794E-06 5.040093E-06 6.401004E-06 
194 4.194308E-06 5.043500E-06 6.405899E-06 
195 4.196782E-06 5.046867E-06 6.410726E-06 
196 4.199214E-06 5.050193E-06 6.415487E-06 
197 4.201603E-06 5.053474E-06 6.420184E-06 
198 4.203945E-06 5.056710E-06 6.424817E-06 
199 4.206237E-06 5.059898E-06 6.429389E-06 
200 4.208476E-06 5.063034E-06 6.433898E-06 
201 4.210659E-06 5.066117E-06 6.438346E-06 
202 4.212786E-06 5.069147E-06 6.442735E-06 
203 4.214861E-06 5.072126E-06 6.447068E-06 
204 4.216884E-06 5.075056E-06 6.451349E-06 
205 4.218858E-06 5.077939E-06 6.455578E-06 
206 4.220783E-06 5.080775E-06 6.459759E-06 
207 4.222662E-06 5.083565E-06 6.463894E-06 
208 4.224495E-06 5.086311E-06 6.467983E-06 
209 4.226283E-06 5.089013E-06 6.472029E-06 
210 4.228026E-06 5.091670E-06 6.476032E-06 
211 4.229727E-06 5.094284E-06 6.479993E-06 
212 4.231384E-06 5.096853E-06 6.483912E-06 
213 4.232999E-06 5.099378E-06 6.487791E-06 
214 4.234571E-06 5.101857E-06 6.491627E-06 
215 4.236100E-06 5.104290E-06 6.495422E-06 
216 4.237585E-06 5.106675E-06 6.499174E-06 
217 4.239027E-06 5.109011E-06 6.502883E-06 
218 4.240424E-06 5.111295E-06 6.506546E-06 
219 4.241775E-06 5.113526E-06 6.510162E-06 
220 4.243080E-06 5.115701E-06 6.513729E-06 
221 4.244335E-06 5.117818E-06 6.517244E-06 
222 4.245541E-06 5.119873E-06 6.520704E-06 
223 4.246695E-06 5.121863E-06 6.524107E-06 
224 4.247796E-06 5.123786E-06 6.527449E-06 
225 4.248845E-06 5.125643E-06 6.530732E-06 
226 4.249844E-06 5.127436E-06 6.533958E-06 
227 4.250796E-06 5.129167E-06 6.537128E-06 
228 4.251703E-06 5.130839E-06 6.540244E-06 
229 4.252565E-06 5.132454E-06 6.543307E-06 
230 4.253386E-06 5.134014E-06 6.546319E-06 
231 4.254167E-06 5.135520E-06 6.549281E-06 
232 4.254910E-06 5.136974E-06 6.552194E-06 
233 4.255616E-06 5.138379E-06 6.555057E-06 
234 4.256287E-06 5.139734E-06 6.557873E-06 
235 4.256924E-06 5.141043E-06 6.560640E-06 
236 4.257528E-06 5.142305E-06 6.563359E-06 
237 4.258102E-06 5.143523E-06 6.566030E-06 
238 4.258645E-06 5.144697E-06 6.568653E-06 
239 4.259158E-06 5.145829E-06 6.571227E-06 
240 4.259644E-06 5.146918E-06 6.573751E-06 
241 4.260102E-06 5.147967E-06 6.576224E-06 
242 4.260533E-06 5.148974E-06 6.578645E-06 
243 4.260938E-06 5.149941E-06 6.581012E-06 
244 4.261317E-06 5.150868E-06 6.583325E-06 
245 4.261670E-06 5.151755E-06 6.585580E-06 
246 4.261999E-06 5.152602E-06 6.587776E-06 
247 4.262302E-06 5.153409E-06 6.589911E-06 
248 4.262580E-06 5.154175E-06 6.591981E-06 
249 4.262833E-06 5.154900E-06 6.593984E-06 
250 4.263061E-06 5.155585E-06 6.595918E-06 
251 4.263265E-06 5.156229E-06 6.597783E-06 
252 4.263446E-06 5.156836E-06 6.599584E-06 
253 4.263605E-06 5.157407E-06 6.601321E-06 
254 4.263744E-06 5.157944E-06 6.602996E-06 
255 4.263864E-06 5.158448E-06 6.604612E-06 
256 4.263966E-06 5.158921E-06 6.606172E-06 
257 4.264050E-06 5.159364E-06 6.607675E-06 
258 4.264118E-06 5.159779E-06 6.609126E-06 
259 4.264170E-06 5.160167E-06 6.610524E-06 
260 4.264208E-06 5.160530E-06 6.611872E-06 
261 4.264230E-06 5.160868E-06 6.613172E-06 
262 4.264239E-06 5.161182E-06 6.614424E-06 
263 4.264235E-06 5.161474E-06 6.615631E-06 
264 4.264217E-06 5.161744E-06 6.616793E-06 
265 4.264187E-06 5.161994E-06 6.617911E-06 
266 4.264144E-06 5.162223E-06 6.618987E-06 
267 4.264089E-06 5.162433E-06 6.620021E-06 
268 4.264020E-06 5.162623E-06 6.621015E-06 
269 4.263939E-06 5.162795E-06 6.621968E-06 
270 4.263845E-06 5.162949E-06 6.622883E-06 
271 4.263738E-06 5.163085E-06 6.623758E-06 
272 4.263617E-06 5.163203E-06 6.624595E-06 
273 4.263482E-06 5.163303E-06 6.625394E-06 
274 4.263332E-06 5.163384E-06 6.626155E-06 
275 4.263167E-06 5.163448E-06 6.626878E-06 
276 4.262985E-06 5.163493E-06 6.627564E-06 
277 4.262786E-06 5.163519E-06 6.628211E-06 
278 4.262568E-06 5.163526E-06 6.628819E-06 
279 4.262331E-06 5.163513E-06 6.629390E-06 
280 4.262076E-06 5.163481E-06 6.629923E-06 
281 4.261803E-06 5.163431E-06 6.630420E-06 
282 4.261513E-06 5.163364E-06 6.630884E-06 
283 4.261207E-06 5.163280E-06 6.631315E-06 
284 4.260885E-06 5.163182E-06 6.631716E-06 
285 4.260550E-06 5.163068E-06 6.632087E-06 
286 4.260200E-06 5.162941E-06 6.632430E-06 
287 4.259837E-06 5.162800E-06 6.632746E-06 
288 4.259461E-06 5.162646E-06 6.633036E-06 
289 4.259072E-06 5.162479E-06 6.633302E-06 
290 4.258672E-06 5.162301E-06 6.633545E-06 
291 4.258260E-06 5.162111E-06 6.633765E-06 
292 4.257837E-06 5.161909E-06 6.633963E-06 
293 4.257403E-06 5.161696E-06 6.634141E-06 
294 4.256958E-06 5.161472E-06 6.634298E-06 
295 4.256502E-06 5.161236E-06 6.634436E-06 
296 4.256035E-06 5.160989E-06 6.634556E-06 
297 4.255558E-06 5.160730E-06 6.634657E-06 
298 4.255070E-06 5.160459E-06 6.634740E-06 
299 4.254571E-06 5.160176E-06 6.634806E-06 
300 4.254061E-06 5.159881E-06 6.634855E-06 
301 4.253540E-06 5.159572E-06 6.634886E-06 
302 4.253006E-06 5.159250E-06 6.634901E-06 
303 4.252461E-06 5.158914E-06 6.634899E-06 
304 4.251903E-06 5.158562E-06 6.634879E-06 
305 4.251332E-06 5.158195E-06 6.634842E-06 
306 4.250747E-06 5.157810E-06 6.634788E-06 
307 4.250147E-06 5.157408E-06 6.634716E-06 
308 4.249533E-06 5.156987E-06 6.634625E-06 
309 4.248902E-06 5.156545E-06 6.634515E-06 
310 4.248254E-06 5.156082E-06 6.634386E-06 
311 4.247588E-06 5.155596E-06 6.634237E-06 
312 4.246903E-06 5.155085E-06 6.634066E-06 
313 4.246200E-06 5.154552E-06 6.633875E-06 
314 4.245480E-06 5.153995E-06 6.633665E-06 
315 4.244743E-06 5.153417E-06 6.633437E-06 
316 4.243990E-06 5.152819E-06 6.633191E-06 
317 4.243223E-06 5.152200E-06 6.632928E-06 
318 4.242441E-06 5.151563E-06 6.632649E-06 
319 4.241645E-06 5.150907E-06 6.632355E-06 
320 4.240836E-06 5.150234E-06 6.632046E-06 
321 4.240015E-06 5.149545E-06 6.631723E-06 
322 4.239183E-06 5.148839E-06 6.631386E-06 
323 4.238339E-06 5.148118E-06 6.631036E-06 
324 4.237484E-06 5.147383E-06 6.630673E-06 
325 4.236620E-06 5.146633E-06 6.630298E-06 
326 4.235746E-06 5.145869E-06 6.629910E-06 
327 4.234863E-06 5.145093E-06 6.629510E-06 
328 4.233971E-06 5.144304E-06 6.629098E-06 
329 4.233070E-06 5.143502E-06 6.628675E-06 
330 4.232162E-06 5.142689E-06 6.628239E-06 
331 4.231246E-06 5.141865E-06 6.627791E-06 
332 4.230322E-06 5.141029E-06 6.627332E-06 
333 4.229391E-06 5.140182E-06 6.626860E-06 
334 4.228454E-06 5.139324E-06 6.626376E-06 
335 4.227509E-06 5.138456E-06 6.625878E-06 
336 4.226557E-06 5.137577E-06 6.625368E-06 
337 4.225599E-06 5.136688E-06 6.624844E-06 
338 4.224635E-06 5.135789E-06 6.624305E-06 
339 4.223664E-06 5.134879E-06 6.623752E-06 
340 4.222686E-06 5.133958E-06 6.623183E-06 
341 4.221701E-06 5.133028E-06 6.622598E-06 
342 4.220710E-06 5.132086E-06 6.621996E-06 
343 4.219712E-06 5.131133E-06 6.621376E-06 
344 4.218707E-06 5.130169E-06 6.620737E-06 
345 4.217694E-06 5.129194E-06 6.620078E-06 
346 4.216674E-06 5.128206E-06 6.619397E-06 
347 4.215645E-06 5.127207E-06 6.618694E-06 
348 4.214609E-06 5.126194E-06 6.617968E-06 
349 4.213564E-06 5.125169E-06 6.617216E-06 
350 4.212511E-06 5.124131E-06 6.616441E-06 
351 4.211450E-06 5.123081E-06 6.615642E-06 
352 4.210382E-06 5.122019E-06 6.614822E-06 
353 4.209307E-06 5.120947E-06 6.613979E-06 
354 4.208225E-06 5.119865E-06 6.613116E-06 
355 4.207138E-06 5.118773E-06 6.612233E-06 
356 4.206046E-06 5.117671E-06 6.611331E-06 
357 4.204948E-06 5.116562E-06 6.610411E-06 
358 4.203845E-06 5.115444E-06 6.609473E-06 
359 4.202738E-06 5.114318E-06 6.608518E-06 
360 4.201627E-06 5.113186E-06 6.607547E-06 
361 4.200511E-06 5.112046E-06 6.606561E-06 
362 4.199392E-06 5.110899E-06 6.605559E-06 
363 4.198269E-06 5.109747E-06 6.604543E-06 
364 4.197143E-06 5.108589E-06 6.603512E-06 
365 4.196014E-06 5.107424E-06 6.602469E-06 
366 4.194881E-06 5.106255E-06 6.601412E-06 
367 4.193746E-06 5.105080E-06 6.600343E-06 
368 4.192608E-06 5.103900E-06 6.599261E-06 
369 4.191466E-06 5.102716E-06 6.598168E-06 
370 4.190322E-06 5.101526E-06 6.597063E-06 
371 4.189175E-06 5.100332E-06 6.595947E-06 
372 4.188026E-06 5.099133E-06 6.594820E-06 
373 4.186873E-06 5.097930E-06 6.593683E-06 
374 4.185717E-06 5.096721E-06 6.592534E-06 
375 4.184558E-06 5.095509E-06 6.591376E-06 
376 4.183396E-06 5.094291E-06 6.590207E-06 
377 4.182230E-06 5.093068E-06 6.589028E-06 
378 4.181060E-06 5.091841E-06 6.587839E-06 
379 4.179886E-06 5.090608E-06 6.586640E-06 
380 4.178708E-06 5.089370E-06 6.585430E-06 
381 4.177526E-06 5.088126E-06 6.584210E-06 
382 4.176338E-06 5.086876E-06 6.582980E-06 
383 4.175145E-06 5.085620E-06 6.581739E-06 
384 4.173947E-06 5.084357E-06 6.580488E-06 
385 4.172742E-06 5.083087E-06 6.579225E-06 
386 4.171531E-06 5.081809E-06 6.577952E-06 
387 4.170312E-06 5.080523E-06 6.576666E-06 
388 4.169086E-06 5.079229E-06 6.575369E-06 
389 4.167853E-06 5.077927E-06 6.574061E-06 
390 4.166613E-06 5.076618E-06 6.572742E-06 
391 4.165366E-06 5.075301E-06 6.571412E-06 
392 4.164114E-06 5.073977E-06 6.570073E-06 
393 4.162855E-06 5.072647E-06 6.568724E-06 
394 4.161591E-06 5.071311E-06 6.567367E-06 
395 4.160322E-06 5.069968E-06 6.566002E-06 
396 4.159048E-06 5.068621E-06 6.564628E-06 
397 4.157769E-06 5.067268E-06 6.563247E-06 
398 4.156486E-06 5.065910E-06 6.561859E-06 
399 4.155199E-06 5.064548E-06 6.560464E-06 
400 4.153908E-06 5.063181E-06 6.559063E-06 
401 4.152613E-06 5.061810E-06 6.557655E-06 
402 4.151316E-06 5.060435E-06 6.556242E-06 
403 4.150014E-06 5.059056E-06 6.554823E-06 
404 4.148710E-06 5.057673E-06 6.553398E-06 
405 4.147403E-06 5.056287E-06 6.551968E-06 
406 4.146094E-06 5.054897E-06 6.550534E-06 
407 4.144781E-06 5.053504E-06 6.549094E-06 
408 4.143466E-06 5.052107E-06 6.547649E-06 
409 4.142149E-06 5.050708E-06 6.546200E-06 
410 4.140829E-06 5.049305E-06 6.544746E-06 
411 4.139507E-06 5.047898E-06 6.543287E-06 
412 4.138183E-06 5.046489E-06 6.541824E-06 
413 4.136856E-06 5.045076E-06 6.540356E-06 
414 4.135528E-06 5.043659E-06 6.538883E-06 
415 4.134197E-06 5.042239E-06 6.537406E-06 
416 4.132863E-06 5.040815E-06 6.535923E-06 
417 4.131527E-06 5.039388E-06 6.534436E-06 
418 4.130189E-06 5.037957E-06 6.532943E-06 
419 4.128848E-06 5.036521E-06 6.531445E-06 
420 4.127505E-06 5.035081E-06 6.529941E-06 
421 4.126158E-06 5.033636E-06 6.528431E-06 
422 4.124809E-06 5.032187E-06 6.526914E-06 
423 4.123456E-06 5.030732E-06 6.525391E-06 
424 4.122100E-06 5.029272E-06 6.523862E-06 
425 4.120741E-06 5.027806E-06 6.522325E-06 
426 4.119378E-06 5.026333E-06 6.520780E-06 
427 4.118010E-06 5.024854E-06 6.519227E-06 
428 4.116639E-06 5.023369E-06 6.517666E-06 
429 4.115265E-06 5.021878E-06 6.516097E-06 
430 4.113887E-06 5.020381E-06 6.514522E-06 
431 4.112506E-06 5.018879E-06 6.512940E-06 
432 4.111122E-06 5.017372E-06 6.511351E-06 
433 4.109735E-06 5.015861E-06 6.509756E-06 
434 4.108347E-06 5.014344E-06 6.508155E-06 
435 4.106956E-06 5.012824E-06 6.506549E-06 
436 4.105562E-06 5.011300E-06 6.504937E-06 
437 4.104168E-06 5.009772E-06 6.503321E-06 
438 4.102771E-06 5.008240E-06 6.501699E-06 
439 4.101373E-06 5.006705E-06 6.500073E-06 
440 4.099973E-06 5.005168E-06 6.498442E-06 
441 4.098572E-06 5.003627E-06 6.496807E-06 
442 4.097170E-06 5.002083E-06 6.495167E-06 
443 4.095767E-06 5.000537E-06 6.493524E-06 
444 4.094362E-06 4.998989E-06 6.491876E-06 
445 4.092957E-06 4.997438E-06 6.490225E-06 
446 4.091551E-06 4.995885E-06 6.488569E-06 
447 4.090144E-06 4.994330E-06 6.486910E-06 
448 4.088736E-06 4.992773E-06 6.485248E-06 
449 4.087328E-06 4.991214E-06 6.483581E-06 
450 4.085918E-06 4.989653E-06 6.481911E-06 
451 4.084508E-06 4.988091E-06 6.480236E-06 
452 4.083097E-06 4.986526E-06 6.478558E-06 
453 4.081685E-06 4.984959E-06 6.476876E-06 
454 4.080273E-06 4.983391E-06 6.475190E-06 
455 4.078859E-06 4.981821E-06 6.473500E-06 
456 4.077445E-06 4.980249E-06 6.471805E-06 
457 4.076029E-06 4.978675E-06 6.470106E-06 
458 4.074612E-06 4.977098E-06 6.468402E-06 
459 4.073194E-06 4.975520E-06 6.466693E-06 
460 4.071774E-06 4.973939E-06 6.464979E-06 
461 4.070352E-06 4.972356E-06 6.463260E-06 
462 4.068929E-06 4.970771E-06 6.461535E-06 
463 4.067504E-06 4.969183E-06 6.459804E-06 
464 4.066077E-06 4.967592E-06 6.458067E-06 
465 4.064647E-06 4.965997E-06 6.456323E-06 
466 4.063215E-06 4.964400E-06 6.454572E-06 
467 4.061781E-06 4.962800E-06 6.452815E-06 
468 4.060344E-06 4.961197E-06 6.451051E-06 
469 4.058905E-06 4.959591E-06 6.449281E-06 
470 4.057465E-06 4.957983E-06 6.447505E-06 
471 4.056022E-06 4.956372E-06 6.445724E-06 
472 4.054579E-06 4.954760E-06 6.443938E-06 
473 4.053133E-06 4.953146E-06 6.442147E-06 
474 4.051687E-06 4.951529E-06 6.440352E-06 
475 4.050240E-06 4.949912E-06 6.438552E-06 
476 4.048791E-06 4.948293E-06 6.436748E-06 
477 4.047342E-06 4.946672E-06 6.434939E-06 
478 4.045892E-06 4.945051E-06 6.433128E-06 
479 4.044441E-06 4.943428E-06 6.431312E-06 
480 4.042990E-06 4.941805E-06 6.429493E-06 
481 4.041538E-06 4.940180E-06 6.427672E-06 
482 4.040085E-06 4.938555E-06 6.425847E-06 
483 4.038633E-06 4.936928E-06 6.424019E-06 
484 4.037179E-06 4.935302E-06 6.422188E-06 
485 4.035726E-06 4.933674E-06 6.420355E-06 
486 4.034272E-06 4.932046E-06 6.418519E-06 
487 4.032818E-06 4.930417E-06 6.416681E-06 
488 4.031364E-06 4.928787E-06 6.414841E-06 
489 4.029910E-06 4.927157E-06 6.412998E-06 
490 4.028455E-06 4.925526E-06 6.411153E-06 
491 4.027000E-06 4.923894E-06 6.409306E-06 
492 4.025545E-06 4.922262E-06 6.407456E-06 
493 4.024089E-06 4.920629E-06 6.405605E-06 
494 4.022633E-06 4.918994E-06 6.403751E-06 
495 4.021177E-06 4.917359E-06 6.401895E-06 
496 4.019720E-06 4.915723E-06 6.400037E-06 
497 4.018262E-06 4.914086E-06 6.398176E-06 
498 4.016804E-06 4.912447E-06 6.396313E-06 
499 4.015345E-06 4.910807E-06 6.394448E-06 
500 4.013885E-06 4.909165E-06 6.392580E-06 
501 4.012425E-06 4.907522E-06 6.390709E-06 
502 4.010963E-06 4.905877E-06 6.388836E-06 
503 4.009499E-06 4.904229E-06 6.386960E-06 
504 4.008035E-06 4.902580E-06 6.385081E-06 
505 4.006568E-06 4.900928E-06 6.383198E-06 
506 4.005101E-06 4.899273E-06 6.381313E-06 
507 4.003632E-06 4.897617E-06 6.379425E-06 
508 4.002161E-06 4.895958E-06 6.377534E-06 
509 4.000690E-06 4.894298E-06 6.375641E-06 
510 3.999218E-06 4.892636E-06 6.373745E-06 
511 3.997745E-06 4.890973E-06 6.371848E-06 
512 3.996271E-06 4.889308E-06 6.369948E-06 
513 3.994797E-06 4.887642E-06 6.368047E-06 
514 3.993323E-06 4.885974E-06 6.366144E-06 
515 3.991848E-06 4.884306E-06 6.364239E-06 
516 3.990372E-06 4.882637E-06 6.362333E-06 
517 3.988897E-06 4.880967E-06 6.360426E-06 
518 3.987421E-06 4.879297E-06 6.358518E-06 
519 3.985945E-06 4.877625E-06 6.356608E-06 
520 3.984470E-06 4.875954E-06 6.354698E-06 
521 3.982994E-06 4.874281E-06 6.352786E-06 
522 3.981518E-06 4.872609E-06 6.350874E-06 
523 3.980043E-06 4.870936E-06 6.348960E-06 
524 3.978567E-06 4.869262E-06 6.347046E-06 
525 3.977092E-06 4.867589E-06 6.345131E-06 
526 3.975617E-06 4.865915E-06 6.343215E-06 
527 3.974143E-06 4.864241E-06 6.341298E-06 
528 3.972668E-06 4.862566E-06 6.339381E-06 
529 3.971194E-06 4.860892E-06 6.337462E-06 
530 3.969720E-06 4.859217E-06 6.335543E-06 
531 3.968246E-06 4.857542E-06 6.333623E-06 
532 3.966773E-06 4.855866E-06 6.331702E-06 
533 3.965299E-06 4.854191E-06 6.329779E-06 
534 3.963826E-06 4.852515E-06 6.327856E-06 
535 3.962353E-06 4.850838E-06 6.325931E-06 
536 3.960879E-06 4.849161E-06 6.324005E-06 
537 3.959406E-06 4.847484E-06 6.322078E-06 
538 3.957933E-06 4.845806E-06 6.320148E-06 
539 3.956459E-06 4.844127E-06 6.318218E-06 
540 3.954985E-06 4.842448E-06 6.316285E-06 
541 3.953511E-06 4.840767E-06 6.314350E-06 
542 3.952036E-06 4.839086E-06 6.312413E-06 
543 3.950561E-06 4.837404E-06 6.310473E-06 
544 3.949085E-06 4.835720E-06 6.308531E-06 
545 3.947609E-06 4.834035E-06 6.306587E-06 
546 3.946132E-06 4.832349E-06 6.304640E-06 
547 3.944655E-06 4.830662E-06 6.302691E-06 
548 3.943177E-06 4.828975E-06 6.300740E-06 
549 3.941699E-06 4.827287E-06 6.298788E-06 
550 3.940221E-06 4.825598E-06 6.296833E-06 
551 3.938744E-06 4.823909E-06 6.294877E-06 
552 3.937266E-06 4.822220E-06 6.292920E-06 
553 3.935788E-06 4.820530E-06 6.290961E-06 
554 3.934311E-06 4.818840E-06 6.289001E-06 
555 3.932833E-06 4.817150E-06 6.287040E-06 
556 3.931356E-06 4.815460E-06 6.285078E-06 
557 3.929880E-06 4.813770E-06 6.283116E-06 
558 3.928404E-06 4.812080E-06 6.281152E-06 
559 3.926928E-06 4.810390E-06 6.279187E-06 
560 3.925452E-06 4.808700E-06 6.277222E-06 
561 3.923978E-06 4.807011E-06 6.275256E-06 
562 3.922503E-06 4.805322E-06 6.273290E-06 
563 3.921030E-06 4.803633E-06 6.271323E-06 
564 3.919556E-06 4.801944E-06 6.269355E-06 
565 3.918084E-06 4.800256E-06 6.267387E-06 
566 3.916612E-06 4.798568E-06 6.265418E-06 
567 3.915140E-06 4.796880E-06 6.263449E-06 
568 3.913669E-06 4.795193E-06 6.261480E-06 
569 3.912199E-06 4.793506E-06 6.259509E-06 
570 3.910729E-06 4.791819E-06 6.257539E-06 
571 3.909259E-06 4.790133E-06 6.255568E-06 
572 3.907790E-06 4.788446E-06 6.253596E-06 
573 3.906321E-06 4.786760E-06 6.251624E-06 
574 3.904853E-06 4.785074E-06 6.249651E-06 
575 3.903385E-06 4.783388E-06 6.247677E-06 
576 3.901918E-06 4.781703E-06 6.245702E-06 
577 3.900450E-06 4.780017E-06 6.243727E-06 
578 3.898983E-06 4.778331E-06 6.241751E-06 
579 3.897516E-06 4.776644E-06 6.239773E-06 
580 3.896049E-06 4.774958E-06 6.237795E-06 
581 3.894581E-06 4.773271E-06 6.235815E-06 
582 3.893114E-06 4.771584E-06 6.233834E-06 
583 3.891646E-06 4.769896E-06 6.231851E-06 
584 3.890178E-06 4.768207E-06 6.229867E-06 
585 3.888710E-06 4.766519E-06 6.227881E-06 
586 3.887242E-06 4.764829E-06 6.225895E-06 
587 3.885775E-06 4.763140E-06 6.223907E-06 
588 3.884307E-06 4.761451E-06 6.221919E-06 
589 3.882839E-06 4.759761E-06 6.219930E-06 
590 3.881372E-06 4.758072E-06 6.217940E-06 
591 3.879904E-06 4.756382E-06 6.215949E-06 
592 3.878438E-06 4.754693E-06 6.213958E-06 
593 3.876971E-06 4.753004E-06 6.211967E-06 
594 3.875506E-06 4.751315E-06 6.209975E-06 
595 3.874040E-06 4.749627E-06 6.207983E-06 
596 3.872575E-06 4.747939E-06 6.205991E-06 
597 3.871111E-06 4.746251E-06 6.203998E-06 
598 3.869647E-06 4.744564E-06 6.202006E-06 
599 3.868184E-06 4.742877E-06 6.200013E-06 
600 3.866722E-06 4.741191E-06 6.198021E-06 
601 3.865260E-06 4.739506E-06 6.196029E-06 
602 3.863800E-06 4.737821E-06 6.194036E-06 
603 3.862339E-06 4.736136E-06 6.192044E-06 
604 3.860880E-06 4.734452E-06 6.190052E-06 
605 3.859421E-06 4.732769E-06 6.188060E-06 
606 3.857963E-06 4.731086E-06 6.186069E-06 
607 3.856506E-06 4.729404E-06 6.184077E-06 
608 3.855049E-06 4.727723E-06 6.182086E-06 
609 3.853593E-06 4.726042E-06 6.180095E-06 
610 3.852138E-06 4.724361E-06 6.178104E-06 
611 3.850683E-06 4.722681E-06 6.176113E-06 
612 3.849229E-06 4.721002E-06 6.174122E-06 
613 3.847776E-06 4.719322E-06 6.172131E-06 
614 3.846323E-06 4.717644E-06 6.170140E-06 
615 3.844871E-06 4.715965E-06 6.168149E-06 
616 3.843419E-06 4.714287E-06 6.166158E-06 
617 3.841968E-06 4.712609E-06 6.164166E-06 
618 3.840517E-06 4.710932E-06 6.162175E-06 
619 3.839066E-06 4.709254E-06 6.160183E-06 
620 3.837616E-06 4.707576E-06 6.158191E-06 
621 3.836166E-06 4.705899E-06 6.156198E-06 
622 3.834716E-06 4.704221E-06 6.154204E-06 
623 3.833266E-06 4.702543E-06 6.152210E-06 
624 3.831817E-06 4.700865E-06 6.150216E-06 
625 3.830368E-06 4.699187E-06 6.148221E-06 
626 3.828919E-06 4.697509E-06 6.146226E-06 
627 3.827470E-06 4.695832E-06 6.144231E-06 
628 3.826022E-06 4.694155E-06 6.142236E-06 
629 3.824575E-06 4.692478E-06 6.140241E-06 
630 3.823128E-06 4.690801E-06 6.138246E-06 
631 3.821682E-06 4.689125E-06 6.136251E-06 
632 3.820237E-06 4.687450E-06 6.134256E-06 
633 3.818792E-06 4.685775E-06 6.132261E-06 
634 3.817348E-06 4.684100E-06 6.130267E-06 
635 3.815904E-06 4.682426E-06 6.128273E-06 
636 3.814462E-06 4.680753E-06 6.126279E-06 
637 3.813020E-06 4.679081E-06 6.124286E-06 
638 3.811579E-06 4.677409E-06 6.122293E-06 
639 3.810139E-06 4.675738E-06 6.120301E-06 
640 3.808699E-06 4.674067E-06 6.118309E-06 
641 3.807261E-06 4.672398E-06 6.116318E-06 
642 3.805823E-06 4.670729E-06 6.114327E-06 
643 3.804386E-06 4.669061E-06 6.112337E-06 
644 3.802950E-06 4.667394E-06 6.110347E-06 
645 3.801515E-06 4.665727E-06 6.108357E-06 
646 3.800081E-06 4.664061E-06 6.106369E-06 
647 3.798648E-06 4.662396E-06 6.104380E-06 
648 3.797215E-06 4.660732E-06 6.102392E-06 
649 3.795784E-06 4.659069E-06 6.100405E-06 
650 3.794353E-06 4.657406E-06 6.098418E-06 
651 3.792923E-06 4.655744E-06 6.096431E-06 
652 3.791493E-06 4.654082E-06 6.094445E-06 
653 3.790065E-06 4.652421E-06 6.092459E-06 
654 3.788637E-06 4.650761E-06 6.090473E-06 
655 3.787210E-06 4.649102E-06 6.088487E-06 
656 3.785783E-06 4.647442E-06 6.086502E-06 
657 3.784357E-06 4.645784E-06 6.084516E-06 
658 3.782931E-06 4.644125E-06 6.082531E-06 
659 3.781506E-06 4.642467E-06 6.080545E-06 
660 3.780081E-06 4.640810E-06 6.078559E-06 
661 3.778657E-06 4.639152E-06 6.076573E-06 
662 3.777233E-06 4.637495E-06 6.074587E-06 
663 3.775810E-06 4.635838E-06 6.072600E-06 
664 3.774387E-06 4.634182E-06 6.070614E-06 
665 3.772964E-06 4.632526E-06 6.068627E-06 
666 3.771542E-06 4.630870E-06 6.066641E-06 
667 3.770121E-06 4.629215E-06 6.064655E-06 
668 3.768701E-06 4.627561E-06 6.062669E-06 
669 3.767281E-06 4.625907E-06 6.060683E-06 
670 3.765862E-06 4.624254E-06 6.058698E-06 
671 3.764443E-06 4.622601E-06 6.056713E-06 
672 3.763026E-06 4.620950E-06 6.054729E-06 
673 3.761609E-06 4.619299E-06 6.052745E-06 
674 3.760193E-06 4.617649E-06 6.050761E-06 
675 3.758778E-06 4.616000E-06 6.048778E-06 
676 3.757364E-06 4.614351E-06 6.046796E-06 
677 3.755951E-06 4.612704E-06 6.044814E-06 
678 3.754539E-06 4.611057E-06 6.042833E-06 
679 3.753127E-06 4.609411E-06 6.040852E-06 
680 3.751717E-06 4.607766E-06 6.038872E-06 
681 3.750307E-06 4.606122E-06 6.036893E-06 
682 3.748898E-06 4.604479E-06 6.034915E-06 
683 3.747491E-06 4.602837E-06 6.032937E-06 
684 3.746084E-06 4.601196E-06 6.030960E-06 
685 3.744678E-06 4.599556E-06 6.028984E-06 
686 3.743273E-06 4.597916E-06 6.027008E-06 
687 3.741869E-06 4.596278E-06 6.025033E-06 
688 3.740466E-06 4.594640E-06 6.023059E-06 
689 3.739063E-06 4.593003E-06 6.021085E-06 
690 3.737662E-06 4.591367E-06 6.019112E-06 
691 3.736261E-06 4.589732E-06 6.017140E-06 
692 3.734862E-06 4.588098E-06 6.015168E-06 
693 3.733463E-06 4.586464E-06 6.013196E-06 
694 3.732064E-06 4.584831E-06 6.011225E-06 
695 3.730667E-06 4.583199E-06 6.009255E-06 
696 3.729270E-06 4.581568E-06 6.007285E-06 
697 3.727874E-06 4.579937E-06 6.005315E-06 
698 3.726478E-06 4.578306E-06 6.003346E-06 
699 3.725083E-06 4.576676E-06 6.001377E-06 
700 3.723689E-06 4.575047E-06 5.999408E-06 
701 3.722295E-06 4.573418E-06 5.997439E-06 
702 3.720902E-06 4.571789E-06 5.995470E-06 
703 3.719509E-06 4.570161E-06 5.993502E-06 
704 3.718117E-06 4.568534E-06 5.991534E-06 
705 3.716726E-06 4.566907E-06 5.989567E-06 
706 3.715335E-06 4.565281E-06 5.987600E-06 
707 3.713945E-06 4.563656E-06 5.985634E-06 
708 3.712556E-06 4.562031E-06 5.983668E-06 
709 3.711168E-06 4.560408E-06 5.981703E-06 
710 3.709781E-06 4.558785E-06 5.979739E-06 
711 3.708394E-06 4.557163E-06 5.977775E-06 
712 3.707009E-06 4.555542E-06 5.975812E-06 
713 3.705624E-06 4.553922E-06 5.973850E-06 
714 3.704240E-06 4.552302E-06 5.971889E-06 
715 3.702858E-06 4.550684E-06 5.969928E-06 
716 3.701476E-06 4.549067E-06 5.967968E-06 
717 3.700095E-06 4.547450E-06 5.966010E-06 
718 3.698715E-06 4.545835E-06 5.964052E-06 
719 3.697336E-06 4.544220E-06 5.962095E-06 
720 3.695958E-06 4.542607E-06 5.960139E-06 
721 3.694581E-06 4.540994E-06 5.958183E-06 
722 3.693205E-06 4.539383E-06 5.956229E-06 
723 3.691830E-06 4.537772E-06 5.954275E-06 
724 3.690456E-06 4.536162E-06 5.952323E-06 
725 3.689082E-06 4.534554E-06 5.950371E-06 
726 3.687710E-06 4.532946E-06 5.948420E-06 
727 3.686339E-06 4.531340E-06 5.946470E-06 
728 3.684968E-06 4.529734E-06 5.944521E-06 
729 3.683599E-06 4.528129E-06 5.942573E-06 
730 3.682230E-06 4.526525E-06 5.940625E-06 
731 3.680863E-06 4.524922E-06 5.938679E-06 
732 3.679496E-06 4.523320E-06 5.936733E-06 
733 3.678130E-06 4.521718E-06 5.934787E-06 
734 3.676764E-06 4.520118E-06 5.932843E-06 
735 3.675400E-06 4.518518E-06 5.930899E-06 
736 3.674036E-06 4.516919E-06 5.928955E-06 
737 3.672673E-06 4.515320E-06 5.927013E-06 
738 3.671311E-06 4.513722E-06 5.925070E-06 
739 3.669949E-06 4.512125E-06 5.923128E-06 
740 3.668588E-06 4.510529E-06 5.921187E-06 
741 3.667227E-06 4.508933E-06 5.919246E-06 
742 3.665868E-06 4.507337E-06 5.917305E-06 
743 3.664509E-06 4.505743E-06 5.915366E-06 
744 3.663151E-06 4.504149E-06 5.913426E-06 
745 3.661793E-06 4.502556E-06 5.911488E-06 
746 3.660437E-06 4.500964E-06 5.909550E-06 
747 3.659081E-06 4.499373E-06 5.907613E-06 
748 3.657726E-06 4.497783E-06 5.905677E-06 
749 3.656373E-06 4.496193E-06 5.903742E-06 
750 3.655020E-06 4.494605E-06 5.901808E-06 
751 3.653668E-06 4.493017E-06 5.899874E-06 
752 3.652316E-06 4.491431E-06 5.897941E-06 
753 3.650966E-06 4.489845E-06 5.896010E-06 
754 3.649617E-06 4.488260E-06 5.894079E-06 
755 3.648269E-06 4.486677E-06 5.892149E-06 
756 3.646921E-06 4.485094E-06 5.890220E-06 
757 3.645575E-06 4.483513E-06 5.888293E-06 
758 3.644230E-06 4.481932E-06 5.886366E-06 
759 3.642885E-06 4.480353E-06 5.884440E-06 
760 3.641542E-06 4.478774E-06 5.882515E-06 
761 3.640200E-06 4.477197E-06 5.880591E-06 
762 3.638858E-06 4.475620E-06 5.878668E-06 
763 3.637518E-06 4.474045E-06 5.876747E-06 
764 3.636178E-06 4.472471E-06 5.874826E-06 
765 3.634840E-06 4.470897E-06 5.872906E-06 
766 3.633502E-06 4.469325E-06 5.870987E-06 
767 3.632166E-06 4.467753E-06 5.869069E-06 
768 3.630830E-06 4.466183E-06 5.867152E-06 
769 3.629495E-06 4.464614E-06 5.865236E-06 
770 3.628161E-06 4.463045E-06 5.863320E-06 
771 3.626828E-06 4.461477E-06 5.861406E-06 
772 3.625496E-06 4.459911E-06 5.859492E-06 
773 3.624165E-06 4.458345E-06 5.857579E-06 
774 3.622834E-06 4.456780E-06 5.855667E-06 
775 3.621504E-06 4.455216E-06 5.853756E-06 
776 3.620176E-06 4.453652E-06 5.851845E-06 
777 3.618847E-06 4.452090E-06 5.849935E-06 
778 3.617520E-06 4.450528E-06 5.848026E-06 
779 3.616193E-06 4.448966E-06 5.846117E-06 
780 3.614867E-06 4.447406E-06 5.844209E-06 
781 3.613542E-06 4.445846E-06 5.842301E-06 
782 3.612217E-06 4.444287E-06 5.840395E-06 
783 3.610894E-06 4.442729E-06 5.838489E-06 
784 3.609571E-06 4.441172E-06 5.836584E-06 
785 3.608249E-06 4.439616E-06 5.834680E-06 
786 3.606928E-06 4.438061E-06 5.832776E-06 
787 3.605608E-06 4.436506E-06 5.830874E-06 
788 3.604288E-06 4.434953E-06 5.828972E-06 
789 3.602970E-06 4.433401E-06 5.827072E-06 
790 3.601652E-06 4.431849E-06 5.825172E-06 
791 3.600336E-06 4.430299E-06 5.823273E-06 
792 3.599020E-06 4.428749E-06 5.821376E-06 
793 3.597706E-06 4.427201E-06 5.819479E-06 
794 3.596392E-06 4.425654E-06 5.817583E-06 
795 3.595079E-06 4.424107E-06 5.815689E-06 
796 3.593768E-06 4.422562E-06 5.813795E-06 
797 3.592457E-06 4.421018E-06 5.811903E-06 
798 3.591147E-06 4.419474E-06 5.810011E-06 
799 3.589839E-06 4.417932E-06 5.808121E-06 
800 3.588531E-06 4.416391E-06 5.806232E-06 
801 3.587224E-06 4.414851E-06 5.804344E-06 
802 3.585918E-06 4.413312E-06 5.802456E-06 
803 3.584613E-06 4.411774E-06 5.800570E-06 
804 3.583309E-06 4.410237E-06 5.798685E-06 
805 3.582006E-06 4.408701E-06 5.796801E-06 
806 3.580704E-06 4.407166E-06 5.794918E-06 
807 3.579403E-06 4.405632E-06 5.793036E-06 
808 3.578103E-06 4.404099E-06 5.791155E-06 
809 3.576804E-06 4.402567E-06 5.789275E-06 
810 3.575505E-06 4.401036E-06 5.787396E-06 
811 3.574208E-06 4.399506E-06 5.785518E-06 
812 3.572911E-06 4.397977E-06 5.783640E-06 
813 3.571615E-06 4.396449E-06 5.781764E-06 
814 3.570320E-06 4.394921E-06 5.779888E-06 
815 3.569026E-06 4.393395E-06 5.778013E-06 
816 3.567732E-06 4.391869E-06 5.776139E-06 
817 3.566439E-06 4.390344E-06 5.774266E-06 
818 3.565147E-06 4.388819E-06 5.772393E-06 
819 3.563856E-06 4.387296E-06 5.770522E-06 
820 3.562566E-06 4.385773E-06 5.768651E-06 
821 3.561276E-06 4.384251E-06 5.766781E-06 
822 3.559987E-06 4.382730E-06 5.764911E-06 
823 3.558699E-06 4.381210E-06 5.763043E-06 
824 3.557412E-06 4.379691E-06 5.761176E-06 
825 3.556126E-06 4.378173E-06 5.759309E-06 
826 3.554841E-06 4.376656E-06 5.757444E-06 
827 3.553556E-06 4.375140E-06 5.755580E-06 
828 3.552273E-06 4.373625E-06 5.753716E-06 
829 3.550990E-06 4.372111E-06 5.751854E-06 
830 3.549709E-06 4.370597E-06 5.749993E-06 
831 3.548428E-06 4.369085E-06 5.748132E-06 
832 3.547148E-06 4.367574E-06 5.746273E-06 
833 3.545870E-06 4.366064E-06 5.744415E-06 
834 3.544592E-06 4.364555E-06 5.742558E-06 
835 3.543315E-06 4.363047E-06 5.740702E-06 
836 3.542039E-06 4.361540E-06 5.738848E-06 
837 3.540764E-06 4.360034E-06 5.736994E-06 
838 3.539490E-06 4.358529E-06 5.735142E-06 
839 3.538217E-06 4.357026E-06 5.733290E-06 
840 3.536945E-06 4.355523E-06 5.731440E-06 
841 3.535674E-06 4.354021E-06 5.729591E-06 
842 3.534404E-06 4.352521E-06 5.727743E-06 
843 3.533135E-06 4.351021E-06 5.725896E-06 
844 3.531867E-06 4.349522E-06 5.724050E-06 
845 3.530599E-06 4.348025E-06 5.722205E-06 
846 3.529333E-06 4.346528E-06 5.720362E-06 
847 3.528068E-06 4.345033E-06 5.718519E-06 
848 3.526803E-06 4.343538E-06 5.716677E-06 
849 3.525540E-06 4.342045E-06 5.714837E-06 
850 3.524277E-06 4.340552E-06 5.712997E-06 
851 3.523015E-06 4.339061E-06 5.711159E-06 
852 3.521754E-06 4.337570E-06 5.709321E-06 
853 3.520494E-06 4.336080E-06 5.707484E-06 
854 3.519234E-06 4.334591E-06 5.705648E-06 
855 3.517976E-06 4.333103E-06 5.703813E-06 
856 3.516718E-06 4.331616E-06 5.701979E-06 
857 3.515461E-06 4.330129E-06 5.700146E-06 
858 3.514205E-06 4.328644E-06 5.698314E-06 
859 3.512949E-06 4.327159E-06 5.696482E-06 
860 3.511695E-06 4.325675E-06 5.694652E-06 
861 3.510441E-06 4.324193E-06 5.692822E-06 
862 3.509188E-06 4.322711E-06 5.690994E-06 
863 3.507936E-06 4.321230E-06 5.689166E-06 
864 3.506685E-06 4.319750E-06 5.687340E-06 
865 3.505435E-06 4.318271E-06 5.685514E-06 
866 3.504186E-06 4.316793E-06 5.683690E-06 
867 3.502937E-06 4.315316E-06 5.681866E-06 
868 3.501690E-06 4.313839E-06 5.680044E-06 
869 3.500443E-06 4.312364E-06 5.678222E-06 
870 3.499197E-06 4.310890E-06 5.676402E-06 
871 3.497953E-06 4.309417E-06 5.674583E-06 
872 3.496709E-06 4.307945E-06 5.672765E-06 
873 3.495466E-06 4.306474E-06 5.670948E-06 
874 3.494224E-06 4.305004E-06 5.669132E-06 
875 3.492983E-06 4.303535E-06 5.667317E-06 
876 3.491742E-06 4.302067E-06 5.665503E-06 
877 3.490503E-06 4.300600E-06 5.663691E-06 
878 3.489265E-06 4.299134E-06 5.661879E-06 
879 3.488027E-06 4.297669E-06 5.660069E-06 
880 3.486791E-06 4.296205E-06 5.658259E-06 
881 3.485555E-06 4.294742E-06 5.656451E-06 
882 3.484320E-06 4.293280E-06 5.654644E-06 
883 3.483086E-06 4.291819E-06 5.652837E-06 
884 3.481853E-06 4.290359E-06 5.651032E-06 
885 3.480621E-06 4.288900E-06 5.649228E-06 
886 3.479390E-06 4.287442E-06 5.647425E-06 
887 3.478159E-06 4.285984E-06 5.645622E-06 
888 3.476930E-06 4.284528E-06 5.643821E-06 
889 3.475701E-06 4.283072E-06 5.642021E-06 
890 3.474473E-06 4.281618E-06 5.640221E-06 
891 3.473246E-06 4.280164E-06 5.638423E-06 
892 3.472019E-06 4.278711E-06 5.636625E-06 
893 3.470793E-06 4.277259E-06 5.634828E-06 
894 3.469568E-06 4.275807E-06 5.633032E-06 
895 3.468344E-06 4.274357E-06 5.631237E-06 
896 3.467120E-06 4.272907E-06 5.629442E-06 
897 3.465897E-06 4.271458E-06 5.627649E-06 
898 3.464675E-06 4.270010E-06 5.625856E-06 
899 3.463454E-06 4.268562E-06 5.624064E-06 
900 3.462234E-06 4.267116E-06 5.622273E-06 
901 3.461014E-06 4.265670E-06 5.620483E-06 
902 3.459795E-06 4.264226E-06 5.618694E-06 
903 3.458577E-06 4.262782E-06 5.616906E-06 
904 3.457360E-06 4.261339E-06 5.615119E-06 
905 3.456144E-06 4.259898E-06 5.613334E-06 
906 3.454928E-06 4.258457E-06 5.611549E-06 
907 3.453714E-06 4.257017E-06 5.609765E-06 
908 3.452500E-06 4.255579E-06 5.607983E-06 
909 3.451288E-06 4.254141E-06 5.606201E-06 
910 3.450076E-06 4.252704E-06 5.604421E-06 
911 3.448865E-06 4.251269E-06 5.602642E-06 
912 3.447656E-06 4.249835E-06 5.600865E-06 
913 3.446447E-06 4.248401E-06 5.599088E-06 
914 3.445239E-06 4.246969E-06 5.597313E-06 
915 3.444032E-06 4.245538E-06 5.595539E-06 
916 3.442827E-06 4.244108E-06 5.593766E-06 
917 3.441622E-06 4.242679E-06 5.591995E-06 
918 3.440418E-06 4.241252E-06 5.590225E-06 
919 3.439216E-06 4.239825E-06 5.588456E-06 
920 3.438014E-06 4.238400E-06 5.586688E-06 
921 3.436813E-06 4.236975E-06 5.584922E-06 
922 3.435614E-06 4.235552E-06 5.583157E-06 
923 3.434415E-06 4.234131E-06 5.581393E-06 
924 3.433218E-06 4.232710E-06 5.579631E-06 
925 3.432021E-06 4.231290E-06 5.577870E-06 
926 3.430826E-06 4.229872E-06 5.576111E-06 
927 3.429631E-06 4.228455E-06 5.574352E-06 
928 3.428438E-06 4.227039E-06 5.572596E-06 
929 3.427245E-06 4.225624E-06 5.570840E-06 
930 3.426054E-06 4.224210E-06 5.569086E-06 
931 3.424864E-06 4.222798E-06 5.567333E-06 
932 3.423674E-06 4.221387E-06 5.565581E-06 
933 3.422486E-06 4.219976E-06 5.563831E-06 
934 3.421299E-06 4.218567E-06 5.562082E-06 
935 3.420113E-06 4.217160E-06 5.560334E-06 
936 3.418927E-06 4.215753E-06 5.558588E-06 
937 3.417743E-06 4.214347E-06 5.556842E-06 
938 3.416560E-06 4.212942E-06 5.555098E-06 
939 3.415377E-06 4.211539E-06 5.553355E-06 
940 3.414195E-06 4.210136E-06 5.551614E-06 
941 3.413015E-06 4.208734E-06 5.549873E-06 
942 3.411835E-06 4.207334E-06 5.548133E-06 
943 3.410656E-06 4.205934E-06 5.546395E-06 
944 3.409478E-06 4.204535E-06 5.544657E-06 
945 3.408300E-06 4.203137E-06 5.542921E-06 
946 3.407124E-06 4.201740E-06 5.541185E-06 
947 3.405948E-06 4.200344E-06 5.539451E-06 
948 3.404773E-06 4.198949E-06 5.537717E-06 
949 3.403598E-06 4.197554E-06 5.535984E-06 
950 3.402424E-06 4.196160E-06 5.534251E-06 
951 3.401251E-06 4.194767E-06 5.532520E-06 
952 3.400078E-06 4.193374E-06 5.530789E-06 
953 3.398906E-06 4.191982E-06 5.529058E-06 
954 3.397735E-06 4.190590E-06 5.527329E-06 
955 3.396564E-06 4.189199E-06 5.525599E-06 
956 3.395393E-06 4.187809E-06 5.523871E-06 
957 3.394223E-06 4.186419E-06 5.522142E-06 
958 3.393054E-06 4.185029E-06 5.520414E-06 
959 3.391884E-06 4.183640E-06 5.518686E-06 
960 3.390715E-06 4.182251E-06 5.516959E-06 
961 3.389546E-06 4.180862E-06 5.515232E-06 
962 3.388378E-06 4.179474E-06 5.513504E-06 
963 3.387210E-06 4.178086E-06 5.511777E-06 
964 3.386041E-06 4.176697E-06 5.510050E-06 
965 3.384873E-06 4.175309E-06 5.508323E-06 
966 3.383705E-06 4.173921E-06 5.506596E-06 
967 3.382537E-06 4.172533E-06 5.504868E-06 
968 3.381369E-06 4.171145E-06 5.503140E-06 
969 3.380201E-06 4.169756E-06 5.501412E-06 
970 3.379033E-06 4.168368E-06 5.499683E-06 
971 3.377865E-06 4.166979E-06 5.497954E-06 
972 3.376697E-06 4.165590E-06 5.496224E-06 
973 3.375528E-06 4.164200E-06 5.494494E-06 
974 3.374359E-06 4.162810E-06 5.492763E-06 
975 3.373190E-06 4.161421E-06 5.491033E-06 
976 3.372022E-06 4.160032E-06 5.489302E-06 
977 3.370854E-06 4.158643E-06 5.487572E-06 
978 3.369687E-06 4.157255E-06 5.485843E-06 
979 3.368521E-06 4.155868E-06 5.484115E-06 
980 3.367356E-06 4.154482E-06 5.482389E-06 
981 3.366192E-06 4.153098E-06 5.480664E-06 
982 3.365030E-06 4.151716E-06 5.478942E-06 
983 3.363869E-06 4.150335E-06 5.477222E-06 
984 3.362710E-06 4.148957E-06 5.475504E-06 
985 3.361554E-06 4.147581E-06 5.473790E-06 
986 3.360399E-06 4.146209E-06 5.472079E-06 
987 3.359248E-06 4.144839E-06 5.470372E-06 
988 3.358099E-06 4.143472E-06 5.468669E-06 
989 3.356952E-06 4.142109E-06 5.466970E-06 
990 3.355809E-06 4.140749E-06 5.465276E-06 
991 3.354670E-06 4.139394E-06 5.463587E-06 
992 3.353533E-06 4.138042E-06 5.461904E-06 
993 3.352401E-06 4.136696E-06 5.460226E-06 
994 3.351273E-06 4.135354E-06 5.458554E-06 
995 3.350148E-06 4.134017E-06 5.456888E-06 
996 3.349029E-06 4.132685E-06 5.455229E-06 
997 3.347913E-06 4.131359E-06 5.453577E-06 
998 3.346803E-06 4.130039E-06 5.451932E-06 
999 3.345697E-06 4.128724E-06 5.450296E-06 
1000 3.344597E-06 4.127416E-06 5.448667E-06 
