# Matter power spectrum P(k) at redshift z=0
# for k=1.02819e-05 to 7.02634 h/Mpc,
# number of wavenumbers equal to 547
#    1:k (h/Mpc)              2:P (Mpc/h)^3        
       1.028193304956e-05       4.062494149373e+01 
       2.292596879279e-05       9.058183953852e+01 
       3.561291469159e-05       1.407060566505e+02 
       4.837565930527e-05       1.911262824989e+02 
       6.124761604038e-05       2.419731867451e+02 
       7.426301026995e-05       2.933805379820e+02 
       8.745717531981e-05       3.454863371578e+02 
       1.008668611263e-04       3.984339838018e+02 
       1.145305593988e-04       4.523735245747e+02 
       1.284888491529e-04       5.074629543930e+02 
       1.427847664916e-04       5.638696141288e+02 
       1.574642024722e-04       6.217716816730e+02 
       1.725763327628e-04       6.813597716374e+02 
       1.881740825094e-04       7.428386629041e+02 
       2.043146293190e-04       8.064291405396e+02 
       2.210599464202e-04       8.723699784838e+02 
       2.384773867512e-04       9.409200389124e+02 
       2.566403067723e-04       1.012360492385e+03 
       2.756287259939e-04       1.086997121148e+03 
       2.955300142802e-04       1.165162666817e+03 
       3.164395936336e-04       1.247219162302e+03 
       3.384616340464e-04       1.333560142702e+03 
       3.617097137895e-04       1.424612612655e+03 
       3.863074029424e-04       1.520838583483e+03 
       4.123887149632e-04       1.622735939781e+03 
       4.400983549121e-04       1.730838355075e+03 
       4.695916754169e-04       1.845713879739e+03 
       5.010342342828e-04       1.967961775014e+03 
       5.346008336792e-04       2.098207153343e+03 
       5.704739143395e-04       2.237092920145e+03 
       6.088411848680e-04       2.385268623636e+03 
       6.498923926600e-04       2.543375902964e+03 
       6.938151954155e-04       2.712030502790e+03 
       7.407901746295e-04       2.891801116862e+03 
       7.909851433023e-04       3.083185881530e+03 
       8.445490296370e-04       3.286587709538e+03 
       9.016057469137e-04       3.502290313043e+03 
       9.622485587363e-04       3.730437000303e+03 
       1.026535487353e-03       3.971014505441e+03 
       1.094486266551e-03       4.223843837116e+03 
       1.166081202994e-03       4.488579530410e+03 
       1.241262098242e-03       4.764714930869e+03 
       1.319935137829e-03       5.051563367912e+03 
       1.401975424923e-03       5.348398911705e+03 
       1.487232670771e-03       5.654363923540e+03 
       1.575537479650e-03       5.968537438928e+03 
       1.666707684494e-03       6.289963441254e+03 
       1.760554280596e-03       6.617676289150e+03 
       1.856886637043e-03       6.950722691523e+03 
       1.955516806207e-03       7.288179383326e+03 
       2.056262876163e-03       7.629166628205e+03 
       2.158951405500e-03       7.972858018157e+03 
       2.263419041109e-03       8.318484935725e+03 
       2.369513450658e-03       8.665341090224e+03 
       2.477093709426e-03       9.012781964704e+03 
       2.586030273779e-03       9.360222588648e+03 
       2.696204657416e-03       9.707136280904e+03 
       2.807508906810e-03       1.005305001406e+04 
       2.919844952274e-03       1.039754424246e+04 
       3.033123892910e-03       1.074024321262e+04 
       3.147265258096e-03       1.108081585658e+04 
       3.262196275548e-03       1.141896660777e+04 
       3.377851166084e-03       1.175443792923e+04 
       3.494170477688e-03       1.208700286877e+04 
       3.611100466005e-03       1.241645949131e+04 
       3.728592524419e-03       1.274263419095e+04 
       3.846602664179e-03       1.306537822948e+04 
       3.965091043213e-03       1.338455671696e+04 
       4.084021541171e-03       1.370005268714e+04 
       4.203361377565e-03       1.401177728944e+04 
       4.323080769568e-03       1.431963763173e+04 
       4.443152625960e-03       1.462356796457e+04 
       4.563552273777e-03       1.492350941275e+04 
       4.684257214374e-03       1.521938444177e+04 
       4.805246905838e-03       1.551118453623e+04 
       4.926502568931e-03       1.579889242623e+04 
       5.048007013996e-03       1.608245316960e+04 
       5.169744486496e-03       1.636186711671e+04 
       5.291700529120e-03       1.663718923053e+04 
       5.413861858584e-03       1.690833201649e+04 
       5.536216255478e-03       1.717527482991e+04 
       5.658752465684e-03       1.743748144651e+04 
       5.781460112068e-03       1.769607395121e+04 
       5.904329615290e-03       1.795050008707e+04 
       6.027352122713e-03       1.820074127529e+04 
       6.150519444517e-03       1.844690965894e+04 
       6.273823996208e-03       1.868894963585e+04 
       6.397258746839e-03       1.892671530496e+04 
       6.520817172308e-03       1.916062523889e+04 
       6.644493213186e-03       1.939038057733e+04 
       6.768281236598e-03       1.961679141366e+04 
       6.892176001721e-03       1.983858966341e+04 
       7.016172628515e-03       2.005653599785e+04 
       7.140266569362e-03       2.027080769789e+04 
       7.264453583302e-03       2.048093257158e+04 
       7.388729712607e-03       2.068720487727e+04 
       7.513091261457e-03       2.088949873807e+04 
       7.637534776506e-03       2.108810401725e+04 
       7.762057029147e-03       2.128271972395e+04 
       7.886654999324e-03       2.147369907731e+04 
       8.011325860722e-03       2.166090344811e+04 
       8.136066967218e-03       2.184528985270e+04 
       8.260875840467e-03       2.202517944221e+04 
       8.385750158519e-03       2.220146382655e+04 
       8.510687745368e-03       2.237411571382e+04 
       8.635686561351e-03       2.254322025774e+04 
       8.760744694319e-03       2.270879946974e+04 
       8.885860351513e-03       2.287093434468e+04 
       9.011031852075e-03       2.302945169044e+04 
       9.136257620146e-03       2.318461759134e+04 
       9.261536178500e-03       2.333640894195e+04 
       9.386866142660e-03       2.348478643436e+04 
       9.512246215465e-03       2.362981544079e+04 
       9.637675182046e-03       2.377155515084e+04 
       9.763151905169e-03       2.391000026703e+04 
       9.888675320937e-03       2.404527312829e+04 
       1.001424443479e-02       2.417721413983e+04 
       1.013985831782e-02       2.430605868977e+04 
       1.026551610331e-02       2.443164126387e+04 
       1.039121698358e-02       2.455425637322e+04 
       1.051696020702e-02       2.467281239807e+04 
       1.064274507533e-02       2.478930763628e+04 
       1.076857094098e-02       2.490364573620e+04 
       1.089443720483e-02       2.501394031427e+04 
       1.102034331392e-02       2.512125877753e+04 
       1.114628875943e-02       2.522495906895e+04 
       1.127227307476e-02       2.532654794739e+04 
       1.139829583375e-02       2.542495945825e+04 
       1.152435664901e-02       2.552208309333e+04 
       1.165045517043e-02       2.561511435505e+04 
       1.177659108370e-02       2.570541331892e+04 
       1.190276410899e-02       2.579284770895e+04 
       1.202897399974e-02       2.587767992917e+04 
       1.215522054144e-02       2.595987520678e+04 
       1.228150355063e-02       2.603930236400e+04 
       1.240782287388e-02       2.611526448580e+04 
       1.253417838682e-02       2.618945056640e+04 
       1.266056999337e-02       2.626201617792e+04 
       1.278699762487e-02       2.633001571470e+04 
       1.291346123937e-02       2.639758682516e+04 
       1.303996082095e-02       2.646160994374e+04 
       1.316649637910e-02       2.652208052069e+04 
       1.329306794812e-02       2.658117971716e+04 
       1.341967558661e-02       2.663827832722e+04 
       1.354631937695e-02       2.669308814009e+04 
       1.367299942490e-02       2.674393780153e+04 
       1.379971585913e-02       2.679461164377e+04 
       1.392646883091e-02       2.684204506164e+04 
       1.405325851372e-02       2.688704534434e+04 
       1.418008510300e-02       2.692969196721e+04 
       1.430694881584e-02       2.697016432892e+04 
       1.443384989076e-02       2.700858508173e+04 
       1.456078858750e-02       2.704408026660e+04 
       1.468776518682e-02       2.707845345599e+04 
       1.481477999038e-02       2.711017029675e+04 
       1.494183332059e-02       2.713993728684e+04 
       1.506892552049e-02       2.716772653732e+04 
       1.519605695370e-02       2.719278012569e+04 
       1.532322800435e-02       2.721684136652e+04 
       1.545043907704e-02       2.723835633853e+04 
       1.557769059685e-02       2.725651177776e+04 
       1.570498300930e-02       2.727413651678e+04 
       1.583231678044e-02       2.728981177184e+04 
       1.595969239683e-02       2.730416424938e+04 
       1.608711036569e-02       2.731619302932e+04 
       1.621457121490e-02       2.732576951898e+04 
       1.634207549315e-02       2.733492645769e+04 
       1.646962377008e-02       2.734042865668e+04 
       1.659721663637e-02       2.734474462930e+04 
       1.672485470394e-02       2.734773310226e+04 
       1.685253860610e-02       2.734878858216e+04 
       1.698026899777e-02       2.734850043289e+04 
       1.710804655564e-02       2.734570810929e+04 
       1.723587197847e-02       2.734174914998e+04 
       1.736374598725e-02       2.733719120201e+04 
       1.749166932553e-02       2.732866346060e+04 
       1.761964275965e-02       2.731973904188e+04 
       1.774766707904e-02       2.731026842399e+04 
       1.787574309656e-02       2.729698481048e+04 
       1.800387164878e-02       2.728346108983e+04 
       1.813205359636e-02       2.726821801178e+04 
       1.826028982438e-02       2.725161008605e+04 
       1.838858124274e-02       2.723339553117e+04 
       1.851692878651e-02       2.721381335985e+04 
       1.864533341642e-02       2.719297775532e+04 
       1.877379611918e-02       2.717016782231e+04 
       1.890231790802e-02       2.714738230662e+04 
       1.903089982309e-02       2.712105530990e+04 
       1.915954293197e-02       2.709477166385e+04 
       1.928824833015e-02       2.706758616331e+04 
       1.941701714158e-02       2.703809494208e+04 
       1.954585051913e-02       2.700708034258e+04 
       1.967474964524e-02       2.697602739338e+04 
       1.980371573243e-02       2.694269794117e+04 
       1.993275002390e-02       2.690785823289e+04 
       2.006185379417e-02       2.687235019359e+04 
       2.019102834969e-02       2.683541693114e+04 
       2.032027502952e-02       2.679837978532e+04 
       2.044959520596e-02       2.675849470570e+04 
       2.057899028531e-02       2.671853696510e+04 
       2.070846170856e-02       2.667721566399e+04 
       2.083801095212e-02       2.663500924500e+04 
       2.096763952863e-02       2.659126946581e+04 
       2.109734898773e-02       2.654673813162e+04 
       2.122714091689e-02       2.650137973635e+04 
       2.135701694222e-02       2.645509676895e+04 
       2.148697872941e-02       2.640709381046e+04 
       2.161702798456e-02       2.635829932857e+04 
       2.174716645516e-02       2.630871684905e+04 
       2.187739593102e-02       2.625810519497e+04 
       2.200771824526e-02       2.620723834504e+04 
       2.213813527534e-02       2.615417186183e+04 
       2.226864894410e-02       2.610084587832e+04 
       2.239926122085e-02       2.604701764343e+04 
       2.252997412247e-02       2.599233621485e+04 
       2.266078971459e-02       2.593574447987e+04 
       2.279171011275e-02       2.587894355116e+04 
       2.292273748365e-02       2.582135873633e+04 
       2.305387404641e-02       2.576302633409e+04 
       2.318512207385e-02       2.570381693895e+04 
       2.331648389386e-02       2.564399508113e+04 
       2.344796189081e-02       2.558326344027e+04 
       2.357955850692e-02       2.552185011075e+04 
       2.371127624379e-02       2.545976193559e+04 
       2.384311766393e-02       2.539688460875e+04 
       2.397508539230e-02       2.533340572133e+04 
       2.410718211795e-02       2.526962675609e+04 
       2.423941059573e-02       2.520432974613e+04 
       2.437177364799e-02       2.513880568099e+04 
       2.450427416637e-02       2.507267844290e+04 
       2.463691511369e-02       2.500584618842e+04 
       2.476969952581e-02       2.493858056332e+04 
       2.490263051365e-02       2.487059681808e+04 
       2.503571126522e-02       2.480211466301e+04 
       2.516894504770e-02       2.473299682862e+04 
       2.530233520968e-02       2.466339289920e+04 
       2.543588518336e-02       2.459326571451e+04 
       2.556959848694e-02       2.452256459582e+04 
       2.570347872698e-02       2.445133846518e+04 
       2.583752960093e-02       2.437973358999e+04 
       2.597175489971e-02       2.430753921468e+04 
       2.610615851039e-02       2.423487491775e+04 
       2.624074441895e-02       2.416183980507e+04 
       2.637551671316e-02       2.408843518924e+04 
       2.651047958556e-02       2.401445834516e+04 
       2.664563733650e-02       2.394009481266e+04 
       2.678099437738e-02       2.386567833675e+04 
       2.691655523392e-02       2.379053263287e+04 
       2.705232454961e-02       2.371467695083e+04 
       2.718830708928e-02       2.363886079407e+04 
       2.732450774272e-02       2.356248639975e+04 
       2.746093152861e-02       2.348613150087e+04 
       2.759758359839e-02       2.340904320230e+04 
       2.773446924046e-02       2.333188705169e+04 
       2.787159388441e-02       2.325448297297e+04 
       2.800896310550e-02       2.317659075789e+04 
       2.814658262927e-02       2.309843855155e+04 
       2.828445833632e-02       2.302006155436e+04 
       2.842259626734e-02       2.294132717179e+04 
       2.856100262827e-02       2.286229611403e+04 
       2.869968379572e-02       2.278303735221e+04 
       2.883864632256e-02       2.270367561677e+04 
       2.897789694381e-02       2.262398610674e+04 
       2.911744258268e-02       2.254411249042e+04 
       2.925729035697e-02       2.246400511242e+04 
       2.939744758562e-02       2.238356493799e+04 
       2.953792179562e-02       2.230323842824e+04 
       2.967872072920e-02       2.222235720550e+04 
       2.981985235130e-02       2.214155151258e+04 
       2.996132485741e-02       2.206044766606e+04 
       3.010314668167e-02       2.197910584771e+04 
       3.024532650545e-02       2.189780291815e+04 
       3.038787326620e-02       2.181646587881e+04 
       3.053079616674e-02       2.173476174241e+04 
       3.067410468499e-02       2.165306441938e+04 
       3.081780858413e-02       2.157118464937e+04 
       3.096191792321e-02       2.148909966138e+04 
       3.110644306825e-02       2.140697768208e+04 
       3.125139470393e-02       2.132489219078e+04 
       3.139678384574e-02       2.124253566286e+04 
       3.154262185278e-02       2.116027037011e+04 
       3.168892044116e-02       2.107770584514e+04 
       3.183569169801e-02       2.099511030389e+04 
       3.198294809628e-02       2.091252162168e+04 
       3.213070251015e-02       2.082984656678e+04 
       3.227896823135e-02       2.074727006139e+04 
       3.242775898617e-02       2.066439659614e+04 
       3.257708895347e-02       2.058166337512e+04 
       3.272697278355e-02       2.049879360317e+04 
       3.287742561800e-02       2.041609901649e+04 
       3.302846311064e-02       2.033296947837e+04 
       3.318010144959e-02       2.025002448953e+04 
       3.333235738046e-02       2.016703702516e+04 
       3.348524823087e-02       2.008427967892e+04 
       3.363879193634e-02       2.000124199955e+04 
       3.379300706754e-02       1.991826485951e+04 
       3.394791285916e-02       1.983508977480e+04 
       3.410352924039e-02       1.975201867265e+04 
       3.425987686717e-02       1.966903074382e+04 
       3.441697715632e-02       1.958602903820e+04 
       3.457485232167e-02       1.950324130366e+04 
       3.473352541238e-02       1.942015762070e+04 
       3.489302035356e-02       1.933738134702e+04 
       3.505336198937e-02       1.925446608910e+04 
       3.521457612877e-02       1.917132629204e+04 
       3.537668959419e-02       1.908836105874e+04 
       3.553973027325e-02       1.900548455947e+04 
       3.570372717378e-02       1.892258843942e+04 
       3.586871048249e-02       1.883983295750e+04 
       3.603471162742e-02       1.875703108405e+04 
       3.620176334460e-02       1.867417258518e+04 
       3.636989974923e-02       1.859135039182e+04 
       3.653915641170e-02       1.850882367050e+04 
       3.670957043890e-02       1.842592872995e+04 
       3.688118056126e-02       1.834327710545e+04 
       3.705402722597e-02       1.826057664252e+04 
       3.722815269693e-02       1.817802742087e+04 
       3.740360116211e-02       1.809540695513e+04 
       3.758041884876e-02       1.801279854014e+04 
       3.775865414745e-02       1.793028558454e+04 
       3.793835774546e-02       1.784767856487e+04 
       3.811958277066e-02       1.776522619621e+04 
       3.830238494663e-02       1.768275673353e+04 
       3.848682276026e-02       1.760024240305e+04 
       3.867295764294e-02       1.751782385217e+04 
       3.886085416671e-02       1.743546794690e+04 
       3.905058025685e-02       1.735301342507e+04 
       3.924220742260e-02       1.727046758981e+04 
       3.943581100785e-02       1.718800867164e+04 
       3.963147046390e-02       1.710555320734e+04 
       3.982926964665e-02       1.702306417415e+04 
       4.002929714079e-02       1.694065143919e+04 
       4.023164661415e-02       1.685804231695e+04 
       4.043641720531e-02       1.677576323473e+04 
       4.064371394854e-02       1.669316326236e+04 
       4.085364824014e-02       1.661033904709e+04 
       4.106633835131e-02       1.652765566334e+04 
       4.128190999298e-02       1.644491784912e+04 
       4.150049693897e-02       1.636214858281e+04 
       4.172224171495e-02       1.627927112511e+04 
       4.194729636129e-02       1.619629260143e+04 
       4.217582327962e-02       1.611324513923e+04 
       4.240799617411e-02       1.603009769808e+04 
       4.264400110026e-02       1.594679726920e+04 
       4.288403763600e-02       1.586341222781e+04 
       4.312832019247e-02       1.577975596603e+04 
       4.337707948432e-02       1.569594574406e+04 
       4.363056418334e-02       1.561195430473e+04 
       4.388904278261e-02       1.552786469507e+04 
       4.415280570383e-02       1.544351322966e+04 
       4.442216768585e-02       1.535886500091e+04 
       4.469747049985e-02       1.527393548035e+04 
       4.497908604478e-02       1.518867813595e+04 
       4.526741988747e-02       1.510322818243e+04 
       4.556291532402e-02       1.501792667076e+04 
       4.586605805509e-02       1.493148137898e+04 
       4.617738158643e-02       1.484449369693e+04 
       4.649747348981e-02       1.475754287394e+04 
       4.682698268885e-02       1.466990054739e+04 
       4.716662797065e-02       1.458181534779e+04 
       4.751720796984e-02       1.449345545638e+04 
       4.787961292932e-02       1.440368482428e+04 
       4.825483861397e-02       1.431397167410e+04 
       4.864400284570e-02       1.422297465359e+04 
       4.904836524427e-02       1.413162236854e+04 
       4.946935090660e-02       1.403911142162e+04 
       4.990857894599e-02       1.394550043517e+04 
       5.036789705337e-02       1.385066708896e+04 
       5.084942354861e-02       1.375468555171e+04 
       5.135559877730e-02       1.365707359451e+04 
       5.188924819258e-02       1.355801962104e+04 
       5.245366005713e-02       1.345664545381e+04 
       5.305268140659e-02       1.335379449115e+04 
       5.369083670315e-02       1.324822305579e+04 
       5.437347437409e-02       1.313940827065e+04 
       5.510694692345e-02       1.302720201770e+04 
       5.589882997236e-02       1.291084472415e+04 
       5.675818328890e-02       1.278962707344e+04 
       5.769585039803e-02       1.266196153823e+04 
       5.872477863999e-02       1.252573671508e+04 
       5.986031163935e-02       1.237977241416e+04 
       6.112035082261e-02       1.222024162765e+04 
       6.252519122641e-02       1.204305886069e+04 
       6.409671162444e-02       1.184202643252e+04 
       6.585649098408e-02       1.161059762617e+04 
       6.782249176705e-02       1.134090880243e+04 
       7.000447577628e-02       1.102175161923e+04 
       7.239945167322e-02       1.064837231343e+04 
       7.498959012619e-02       1.021614139481e+04 
       7.774465308169e-02       9.731736840282e+03 
       8.062837784297e-02       9.207455502379e+03 
       8.360560248513e-02       8.662823849005e+03 
       8.664701012906e-02       8.119976966938e+03 
       8.973065853430e-02       7.600310277253e+03 
       9.284130766029e-02       7.121323843319e+03 
       9.596888726732e-02       6.695537001898e+03 
       9.910695425682e-02       6.329371706205e+03 
       1.022514693120e-01       6.023665772175e+03 
       1.053999319030e-01       5.775226386104e+03 
       1.085508060045e-01       5.576443410913e+03 
       1.117031524381e-01       5.417415886110e+03 
       1.148563985028e-01       5.286995401784e+03 
       1.180101954708e-01       5.173326308390e+03 
       1.211643311126e-01       5.065191881236e+03 
       1.243186762521e-01       4.953128921088e+03 
       1.274731522023e-01       4.829353541423e+03 
       1.306277109583e-01       4.690009057896e+03 
       1.337823231603e-01       4.533660139432e+03 
       1.369369707827e-01       4.362056335014e+03 
       1.400916426952e-01       4.178579735696e+03 
       1.432463319669e-01       3.989164738631e+03 
       1.464010342292e-01       3.799917530065e+03 
       1.495557466814e-01       3.616868075103e+03 
       1.527104674857e-01       3.445328672944e+03 
       1.558651953991e-01       3.289470507925e+03 
       1.590199295497e-01       3.151794883701e+03 
       1.621746692993e-01       3.033214814784e+03 
       1.653294141595e-01       2.933346876157e+03 
       1.684841637404e-01       2.850609816020e+03 
       1.716389177182e-01       2.782204560924e+03 
       1.747936758157e-01       2.724565745676e+03 
       1.779484377892e-01       2.674428725445e+03 
       1.811032034208e-01       2.628720143743e+03 
       1.842579725126e-01       2.583091796352e+03 
       1.874127448833e-01       2.534764801230e+03 
       1.905675203656e-01       2.481674159775e+03 
       1.937222988045e-01       2.422689617538e+03 
       1.968770800555e-01       2.357787173310e+03 
       2.000318639839e-01       2.287787943471e+03 
       2.031866504635e-01       2.214320433977e+03 
       2.063414393763e-01       2.139086445561e+03 
       2.094962306112e-01       2.064337518992e+03 
       2.126510240641e-01       1.991701747344e+03 
       2.158058196370e-01       1.922886392684e+03 
       2.189606172376e-01       1.859120512453e+03 
       2.221154167787e-01       1.801285276894e+03 
       2.252702181783e-01       1.749769676369e+03 
       2.284250213590e-01       1.704615645131e+03 
       2.315798262473e-01       1.665186156711e+03 
       2.347346327739e-01       1.630802778194e+03 
       2.378894408733e-01       1.600397048366e+03 
       2.410442504833e-01       1.572703132402e+03 
       2.441990615450e-01       1.546496862946e+03 
       2.473538740025e-01       1.520609798928e+03 
       2.505086878027e-01       1.494288505850e+03 
       2.536635028952e-01       1.466806374978e+03 
       2.568183192321e-01       1.437693967810e+03 
       2.599731367678e-01       1.406935784494e+03 
       2.631279554589e-01       1.374591406838e+03 
       2.662827752642e-01       1.341046217004e+03 
       2.694375961443e-01       1.306794336181e+03 
       2.725924180616e-01       1.272546440224e+03 
       2.757472409803e-01       1.238881921321e+03 
       2.789020648663e-01       1.206515553734e+03 
       2.820568896869e-01       1.175910654494e+03 
       2.852117154110e-01       1.147404303915e+03 
       2.883665420086e-01       1.121137068095e+03 
       2.915213694514e-01       1.097070216496e+03 
       2.946761977121e-01       1.075155253504e+03 
       2.978310267644e-01       1.055054767342e+03 
       3.009858565834e-01       1.036567344958e+03 
       3.041406871450e-01       1.019211928021e+03 
       3.072955184264e-01       1.002695477684e+03 
       3.104503504055e-01       9.866093880728e+02 
       3.136051830610e-01       9.706089842650e+02 
       3.167600163727e-01       9.544511251386e+02 
       3.199148503210e-01       9.379106316434e+02 
       3.230696848873e-01       9.209960978781e+02 
       3.262245200535e-01       9.036551712126e+02 
       3.293793558023e-01       8.860670834137e+02 
       3.325341921171e-01       8.683548266362e+02 
       3.356890289817e-01       8.507078529464e+02 
       3.388438663808e-01       8.332698353053e+02 
       3.419987042995e-01       8.162532597870e+02 
       3.451535427236e-01       7.997923951226e+02 
       3.483083816391e-01       7.840562505249e+02 
       3.514632210328e-01       7.691425400553e+02 
       3.546180608920e-01       7.550541043428e+02 
       3.577729012041e-01       7.418281602581e+02 
       3.609277419574e-01       7.293662542146e+02 
       3.640825831402e-01       7.175419866701e+02 
       3.672374247415e-01       7.062438515227e+02 
       3.703922667505e-01       6.953822192061e+02 
       3.735471091569e-01       6.847810763609e+02 
       3.767019519506e-01       6.743824541756e+02 
       3.798567951220e-01       6.640857353561e+02 
       3.830116386616e-01       6.538480707606e+02 
       3.861664825604e-01       6.435762432351e+02 
       3.893213268096e-01       6.333072775894e+02 
       3.924761714008e-01       6.229976073845e+02 
       3.956310163257e-01       6.127258702017e+02 
       3.987858615764e-01       6.024959786487e+02 
       4.019407071452e-01       5.924186053533e+02 
       4.050955530246e-01       5.825081475444e+02 
       4.082503992074e-01       5.728444567915e+02 
       4.114052456866e-01       5.634616744006e+02 
       4.145600924554e-01       5.543636090383e+02 
       4.177149395072e-01       5.455676602292e+02 
       4.208697868357e-01       5.370948664046e+02 
       4.240246344345e-01       5.289362794287e+02 
       4.271794822978e-01       5.210809224997e+02 
       4.303343304196e-01       5.135052766996e+02 
       4.334891787944e-01       5.061750049938e+02 
       4.366440274165e-01       4.990685285996e+02 
       4.397988762807e-01       4.920827709888e+02 
       4.429537253818e-01       4.852400941045e+02 
       4.461085747147e-01       4.784818215886e+02 
       4.492634242746e-01       4.718116355157e+02 
       4.524182740566e-01       4.651911836839e+02 
       4.555731240562e-01       4.586329310892e+02 
       4.587279742687e-01       4.521290895412e+02 
       4.618828246900e-01       4.456845341782e+02 
       4.650376753156e-01       4.392991697049e+02 
       4.681925261415e-01       4.330132502316e+02 
       4.713473771635e-01       4.268101512248e+02 
       4.745022283779e-01       4.207375530233e+02 
       4.776570797807e-01       4.148083452809e+02 
       4.808119313682e-01       4.090256779591e+02 
       4.839667831369e-01       4.034076784549e+02 
       4.871216350832e-01       3.979473917346e+02 
       4.902764872036e-01       3.926307967570e+02 
       4.934313394948e-01       3.874638396797e+02 
       4.965861919535e-01       3.823980537551e+02 
       4.997410445765e-01       3.774647205542e+02 
       5.028958973608e-01       3.726371701374e+02 
       5.060507503034e-01       3.679111014469e+02 
       5.092056034011e-01       3.632510676337e+02 
       5.123604566513e-01       3.586620129587e+02 
       5.155153100511e-01       3.541269471996e+02 
       5.379612076410e-01       3.235295531517e+02 
       5.626540367914e-01       2.940390342122e+02 
       5.902034088045e-01       2.657091224261e+02 
       6.215111536490e-01       2.376784903361e+02 
       6.579810216269e-01       2.101810901843e+02 
       7.019396809486e-01       1.825462323318e+02 
       7.575512796664e-01       1.544192483962e+02 
       8.329507645048e-01       1.251371905445e+02 
       9.451561786792e-01       9.426205281139e+01 
       1.126368489329e+00       6.324720283879e+01 
       1.402581078539e+00       3.806895471296e+01 
       1.764944152064e+00       2.215185376371e+01 
       2.221924227188e+00       1.276457805296e+01 
       2.797236855480e+00       7.296228254049e+00 
       3.521512560167e+00       4.140709578608e+00 
       4.433321649947e+00       2.334512992778e+00 
       5.581221283775e+00       1.308401686903e+00 
       7.026341302991e+00       7.292638724202e-01 
