# Matter power spectrum P(k) at redshift z=0
# for k=1.05078e-05 to 36.5153 h/Mpc,
# number of wavenumbers equal to 554
#    1:k (h/Mpc)              2:P (Mpc/h)^3        
       1.050775643281e-05       4.644241583192e+01 
       2.335822474937e-05       1.004318405529e+02 
       3.625389040499e-05       1.535296214265e+02 
       4.922928651888e-05       2.062843976793e+02 
       6.231951663650e-05       2.590120423431e+02 
       7.556056626414e-05       3.119512799614e+02 
       8.898962434547e-05       3.653074847542e+02 
       1.026454189362e-04       4.192706999861e+02 
       1.165685713654e-04       4.740249129790e+02 
       1.308019732065e-04       5.297536946964e+02 
       1.453911903857e-04       5.866441512038e+02 
       1.603848987003e-04       6.448900020178e+02 
       1.758353548451e-04       7.046942458536e+02 
       1.917989066864e-04       7.662715837781e+02 
       2.083365458814e-04       8.298507788156e+02 
       2.255145048950e-04       8.956769703939e+02 
       2.434048988421e-04       9.640140194030e+02 
       2.620864101790e-04       1.035146882019e+03 
       2.816450108084e-04       1.109383979517e+03 
       3.021747113342e-04       1.187059560162e+03 
       3.237783206306e-04       1.268535947331e+03 
       3.465681901835e-04       1.354205592982e+03 
       3.706669064485e-04       1.444492772816e+03 
       3.962078804917e-04       1.539854728666e+03 
       4.233357674478e-04       1.640781989534e+03 
       4.522066293369e-04       1.747797548304e+03 
       4.829877348098e-04       1.861454500259e+03 
       5.158568708836e-04       1.982331708067e+03 
       5.510010286148e-04       2.111027003584e+03 
       5.886143226059e-04       2.248147495316e+03 
       6.288950204107e-04       2.394296628790e+03 
       6.720416000720e-04       2.550057833492e+03 
       7.182478286549e-04       2.715974907389e+03 
       7.676969638083e-04       2.892529693385e+03 
       8.205553181619e-04       3.080118230594e+03 
       8.769655757080e-04       3.279026856060e+03 
       9.370403816752e-04       3.489410415541e+03 
       1.000856806946e-03       3.711274825028e+03 
       1.068452281323e-03       3.944466074482e+03 
       1.139822478573e-03       4.188667409412e+03 
       1.214921427739e-03       4.443405241555e+03 
       1.293663856233e-03       4.708063869973e+03 
       1.375929496806e-03       4.981866365086e+03 
       1.461568871522e-03       5.264016243477e+03 
       1.550409942814e-03       5.553621022789e+03 
       1.642265007844e-03       5.849748982816e+03 
       1.736937292145e-03       6.151458583103e+03 
       1.834226837770e-03       6.457821192991e+03 
       1.933935441037e-03       6.767939504485e+03 
       2.035870543248e-03       7.080961539422e+03 
       2.139848094759e-03       7.396089956592e+03 
       2.245694491425e-03       7.712588680834e+03 
       2.353247725050e-03       8.029784389393e+03 
       2.462357903579e-03       8.347067413979e+03 
       2.572887291211e-03       8.663890577669e+03 
       2.684710001709e-03       8.979763760977e+03 
       2.797711456217e-03       9.294253651013e+03 
       2.911787694099e-03       9.606976271139e+03 
       3.026844604320e-03       9.917594668614e+03 
       3.142797126833e-03       1.022581445701e+04 
       3.259568458766e-03       1.053137736308e+04 
       3.377089288660e-03       1.083406132775e+04 
       3.495297073339e-03       1.113367125993e+04 
       3.614135365609e-03       1.143004130403e+04 
       3.733553196455e-03       1.172302995691e+04 
       3.853504512271e-03       1.201251485174e+04 
       3.973947665634e-03       1.229839299717e+04 
       4.094844956841e-03       1.258058109342e+04 
       4.216162222696e-03       1.285900789404e+04 
       4.337868468703e-03       1.313361217982e+04 
       4.459935540738e-03       1.340435139682e+04 
       4.582337832368e-03       1.367118656631e+04 
       4.705052024144e-03       1.393409220512e+04 
       4.828056851507e-03       1.419304234993e+04 
       4.951332898154e-03       1.444802098752e+04 
       5.074862412069e-03       1.469905000106e+04 
       5.198629141634e-03       1.494609774972e+04 
       5.322618189575e-03       1.518919480145e+04 
       5.446815882682e-03       1.542832382282e+04 
       5.571209655510e-03       1.566350301816e+04 
       5.695787946468e-03       1.589474976047e+04 
       5.820540104863e-03       1.612207445805e+04 
       5.945456307677e-03       1.634549943104e+04 
       6.070527484949e-03       1.656505017464e+04 
       6.195745252818e-03       1.678074536561e+04 
       6.321101853346e-03       1.699260890086e+04 
       6.446590100388e-03       1.720067130448e+04 
       6.572203330827e-03       1.740495317204e+04 
       6.697935360599e-03       1.760549160419e+04 
       6.823780444985e-03       1.780231668779e+04 
       6.949733242704e-03       1.799545651930e+04 
       7.075788783422e-03       1.818493959209e+04 
       7.201942438296e-03       1.837080352439e+04 
       7.328189893256e-03       1.855307211703e+04 
       7.454527124726e-03       1.873178278258e+04 
       7.580950377549e-03       1.890697960904e+04 
       7.707456144882e-03       1.907868604583e+04 
       7.834041149874e-03       1.924693630253e+04 
       7.960702328945e-03       1.941176205716e+04 
       8.087436816510e-03       1.957320067091e+04 
       8.214241931010e-03       1.973127868452e+04 
       8.341115162128e-03       1.988604531571e+04 
       8.468054159065e-03       2.003752995869e+04 
       8.595056719799e-03       2.018576487579e+04 
       8.722120781210e-03       2.033078103801e+04 
       8.849244410019e-03       2.047261185841e+04 
       8.976425794438e-03       2.061129520176e+04 
       9.103663236498e-03       2.074686139210e+04 
       9.230955144972e-03       2.087934619114e+04 
       9.358300028845e-03       2.100878189526e+04 
       9.485696491300e-03       2.113519963615e+04 
       9.613143224151e-03       2.125863156949e+04 
       9.740639002703e-03       2.137911575645e+04 
       9.868182681002e-03       2.149667234308e+04 
       9.995773187431e-03       2.161134455718e+04 
       1.012340952064e-02       2.172315610997e+04 
       1.025109074575e-02       2.183214018004e+04 
       1.037881599088e-02       2.193832896808e+04 
       1.050658444389e-02       2.204175514314e+04 
       1.063439534935e-02       2.214243794945e+04 
       1.076224800577e-02       2.224042586027e+04 
       1.089014176296e-02       2.233573888144e+04 
       1.101807601964e-02       2.242840118526e+04 
       1.114605022121e-02       2.251845519828e+04 
       1.127406385763e-02       2.260592373133e+04 
       1.140211646147e-02       2.269083588546e+04 
       1.153020760616e-02       2.277322075903e+04 
       1.165833690423e-02       2.285311706254e+04 
       1.178650400581e-02       2.293053552967e+04 
       1.191470859717e-02       2.300552282028e+04 
       1.204295039931e-02       2.307808657684e+04 
       1.217122916678e-02       2.314827731172e+04 
       1.229954468645e-02       2.321611651328e+04 
       1.242789677646e-02       2.328161669764e+04 
       1.255628528520e-02       2.334482581809e+04 
       1.268471009035e-02       2.340575494766e+04 
       1.281317109806e-02       2.346444391847e+04 
       1.294166824209e-02       2.352091023364e+04 
       1.307020148311e-02       2.357519087079e+04 
       1.319877080797e-02       2.362729600434e+04 
       1.332737622912e-02       2.367728304556e+04 
       1.345601778395e-02       2.372514157166e+04 
       1.358469553431e-02       2.377091968063e+04 
       1.371340956600e-02       2.381462836920e+04 
       1.384215998830e-02       2.385629692284e+04 
       1.397094693356e-02       2.389595273860e+04 
       1.409977055686e-02       2.393361745259e+04 
       1.422863103564e-02       2.396932524469e+04 
       1.435752856938e-02       2.400307187692e+04 
       1.448646337936e-02       2.403490493900e+04 
       1.461543570842e-02       2.406484815200e+04 
       1.474444582073e-02       2.409292619022e+04 
       1.487349400159e-02       2.411914951928e+04 
       1.500258055734e-02       2.414354260631e+04 
       1.513170581514e-02       2.416613544353e+04 
       1.526087012295e-02       2.418695240995e+04 
       1.539007384939e-02       2.420600893059e+04 
       1.551931738370e-02       2.422332529564e+04 
       1.564860113574e-02       2.423892638358e+04 
       1.577792553591e-02       2.425284683582e+04 
       1.590729103521e-02       2.426508570421e+04 
       1.603669810525e-02       2.427567935571e+04 
       1.616614723831e-02       2.428464025523e+04 
       1.629563894739e-02       2.429200452200e+04 
       1.642517376629e-02       2.429777604343e+04 
       1.655475224976e-02       2.430197875992e+04 
       1.668437497358e-02       2.430465225968e+04 
       1.681404253472e-02       2.430579029181e+04 
       1.694375555150e-02       2.430542220055e+04 
       1.707351466374e-02       2.430356431322e+04 
       1.720332053302e-02       2.430027235351e+04 
       1.733317384280e-02       2.429552090722e+04 
       1.746307529873e-02       2.428934297925e+04 
       1.759302562884e-02       2.428176469855e+04 
       1.772302558384e-02       2.427277885977e+04 
       1.785307593737e-02       2.426246659970e+04 
       1.798317748630e-02       2.425078837485e+04 
       1.811333105104e-02       2.423778924289e+04 
       1.824353747589e-02       2.422348319260e+04 
       1.837379762935e-02       2.420788518327e+04 
       1.850411240452e-02       2.419101580701e+04 
       1.863448271944e-02       2.417289543623e+04 
       1.876490951749e-02       2.415354310959e+04 
       1.889539376784e-02       2.413299937536e+04 
       1.902593646584e-02       2.411124411192e+04 
       1.915653863347e-02       2.408829079808e+04 
       1.928720131984e-02       2.406418751802e+04 
       1.941792560162e-02       2.403894997087e+04 
       1.954871258358e-02       2.401258799571e+04 
       1.967956339910e-02       2.398512619197e+04 
       1.981047921070e-02       2.395655066021e+04 
       1.994146121061e-02       2.392692308889e+04 
       2.007251062134e-02       2.389624028576e+04 
       2.020362869626e-02       2.386451885499e+04 
       2.033481672025e-02       2.383178610746e+04 
       2.046607601034e-02       2.379802476445e+04 
       2.059740791632e-02       2.376330279343e+04 
       2.072881382147e-02       2.372761237384e+04 
       2.086029514324e-02       2.369095350058e+04 
       2.099185333401e-02       2.365340039211e+04 
       2.112348988178e-02       2.361486688123e+04 
       2.125520631099e-02       2.357546204572e+04 
       2.138700418333e-02       2.353516399110e+04 
       2.151888509850e-02       2.349398713989e+04 
       2.165085069513e-02       2.345197686189e+04 
       2.178290265162e-02       2.340910249822e+04 
       2.191504268706e-02       2.336541883609e+04 
       2.204727256214e-02       2.332093182459e+04 
       2.217959408015e-02       2.327561763889e+04 
       2.231200908791e-02       2.322956623865e+04 
       2.244451947688e-02       2.318271377177e+04 
       2.257712718415e-02       2.313509951085e+04 
       2.270983419352e-02       2.308679365038e+04 
       2.284264253670e-02       2.303774014037e+04 
       2.297555429436e-02       2.298802471556e+04 
       2.310857159744e-02       2.293752318463e+04 
       2.324169662826e-02       2.288643361725e+04 
       2.337493162191e-02       2.283457672014e+04 
       2.350827886745e-02       2.278213284082e+04 
       2.364174070935e-02       2.272906139228e+04 
       2.377531954882e-02       2.267536863242e+04 
       2.390901784531e-02       2.262104119947e+04 
       2.404283811794e-02       2.256611583089e+04 
       2.417678294705e-02       2.251061026734e+04 
       2.431085497580e-02       2.245453916302e+04 
       2.444505691179e-02       2.239788099260e+04 
       2.457939152873e-02       2.234069884085e+04 
       2.471386166823e-02       2.228296291471e+04 
       2.484847024152e-02       2.222469681983e+04 
       2.498322023140e-02       2.216598579628e+04 
       2.511811469407e-02       2.210674860072e+04 
       2.525315676118e-02       2.204695298305e+04 
       2.538834964185e-02       2.198673421842e+04 
       2.552369662478e-02       2.192605936624e+04 
       2.565920108045e-02       2.186490795522e+04 
       2.579486646340e-02       2.180333390766e+04 
       2.593069631454e-02       2.174133821438e+04 
       2.606669426358e-02       2.167891911201e+04 
       2.620286403155e-02       2.161608691831e+04 
       2.633920943338e-02       2.155287891866e+04 
       2.647573438059e-02       2.148923948597e+04 
       2.661244288404e-02       2.142526738323e+04 
       2.674933905685e-02       2.136095147195e+04 
       2.688642711736e-02       2.129627620472e+04 
       2.702371139218e-02       2.123123009141e+04 
       2.716119631945e-02       2.116586416891e+04 
       2.729888645210e-02       2.110018263734e+04 
       2.743678646132e-02       2.103415224528e+04 
       2.757490114010e-02       2.096787935920e+04 
       2.771323540692e-02       2.090124767389e+04 
       2.785179430961e-02       2.083437615538e+04 
       2.799058302930e-02       2.076722490066e+04 
       2.812960688456e-02       2.069977039759e+04 
       2.826887133567e-02       2.063208039786e+04 
       2.840838198909e-02       2.056419976734e+04 
       2.854814460209e-02       2.049602571117e+04 
       2.868816508751e-02       2.042759909449e+04 
       2.882844951881e-02       2.035903715353e+04 
       2.896900413522e-02       2.029019406877e+04 
       2.910983534718e-02       2.022116342436e+04 
       2.925094974191e-02       2.015192133580e+04 
       2.939235408930e-02       2.008247336699e+04 
       2.953405534799e-02       2.001289240058e+04 
       2.967606067169e-02       1.994308497178e+04 
       2.981837741579e-02       1.987319378469e+04 
       2.996101314428e-02       1.980307609888e+04 
       3.010397563686e-02       1.973284501586e+04 
       3.024727289649e-02       1.966239652296e+04 
       3.039091315713e-02       1.959188174565e+04 
       3.053490489193e-02       1.952118214425e+04 
       3.067925682172e-02       1.945042023981e+04 
       3.082397792390e-02       1.937954127936e+04 
       3.096907744167e-02       1.930848944395e+04 
       3.111456489379e-02       1.923732314337e+04 
       3.126045008468e-02       1.916613703747e+04 
       3.140674311502e-02       1.909475165322e+04 
       3.155345439285e-02       1.902331867790e+04 
       3.170059464521e-02       1.895185961608e+04 
       3.184817493024e-02       1.888028526330e+04 
       3.199620664999e-02       1.880860525761e+04 
       3.214470156373e-02       1.873690052644e+04 
       3.229367180196e-02       1.866514283064e+04 
       3.244312988115e-02       1.859326975336e+04 
       3.259308871907e-02       1.852131806962e+04 
       3.274356165108e-02       1.844943510796e+04 
       3.289456244707e-02       1.837741745324e+04 
       3.304610532940e-02       1.830541311653e+04 
       3.319820499163e-02       1.823331632802e+04 
       3.335087661838e-02       1.816125843804e+04 
       3.350413590613e-02       1.808909006189e+04 
       3.365799908512e-02       1.801694280357e+04 
       3.381248294251e-02       1.794478165740e+04 
       3.396760484675e-02       1.787265503345e+04 
       3.412338277328e-02       1.780047365497e+04 
       3.427983533165e-02       1.772818892323e+04 
       3.443698179424e-02       1.765593078499e+04 
       3.459484212651e-02       1.758373133580e+04 
       3.475343701905e-02       1.751155227929e+04 
       3.491278792150e-02       1.743927318059e+04 
       3.507291707838e-02       1.736705251059e+04 
       3.523384756719e-02       1.729483503461e+04 
       3.539560333867e-02       1.722263039279e+04 
       3.555820925957e-02       1.715034512220e+04 
       3.572169115806e-02       1.707818363062e+04 
       3.588607587197e-02       1.700594225695e+04 
       3.605139130005e-02       1.693374382711e+04 
       3.621766645651e-02       1.686155111928e+04 
       3.638493152912e-02       1.678936796788e+04 
       3.655321794108e-02       1.671718554297e+04 
       3.672255841705e-02       1.664506567369e+04 
       3.689298705351e-02       1.657286976866e+04 
       3.706453939405e-02       1.650075422756e+04 
       3.723725250975e-02       1.642862006009e+04 
       3.741116508526e-02       1.635650531660e+04 
       3.758631751090e-02       1.628440593728e+04 
       3.776275198145e-02       1.621233402775e+04 
       3.794051260212e-02       1.614021293164e+04 
       3.811964550235e-02       1.606811020299e+04 
       3.830019895814e-02       1.599599844902e+04 
       3.848222352367e-02       1.592392001887e+04 
       3.866577217313e-02       1.585180368556e+04 
       3.885090045364e-02       1.577975076457e+04 
       3.903766665029e-02       1.570765649592e+04 
       3.922613196454e-02       1.563550003855e+04 
       3.941636070732e-02       1.556342840264e+04 
       3.960842050809e-02       1.549130571393e+04 
       3.980238254169e-02       1.541912676912e+04 
       3.999832177467e-02       1.534694505539e+04 
       4.019631723319e-02       1.527472945403e+04 
       4.039645229467e-02       1.520246198382e+04 
       4.059881500594e-02       1.513014618705e+04 
       4.080349843051e-02       1.505779375522e+04 
       4.101060102846e-02       1.498539012007e+04 
       4.122022707248e-02       1.491293599092e+04 
       4.143248710429e-02       1.484033971527e+04 
       4.164749843608e-02       1.476776220652e+04 
       4.186538570257e-02       1.469503627614e+04 
       4.208628146952e-02       1.462221194705e+04 
       4.231032690594e-02       1.454929288341e+04 
       4.253767252803e-02       1.447625894771e+04 
       4.276847902389e-02       1.440307369311e+04 
       4.300291816982e-02       1.432978865715e+04 
       4.324117385042e-02       1.425628511673e+04 
       4.348344319664e-02       1.418265969725e+04 
       4.372993785835e-02       1.410881490789e+04 
       4.398088543047e-02       1.403478671318e+04 
       4.423653105528e-02       1.396054589873e+04 
       4.449713922687e-02       1.388606911915e+04 
       4.476299582878e-02       1.381134284606e+04 
       4.503441044099e-02       1.373629754717e+04 
       4.531171895933e-02       1.366096096395e+04 
       4.559528657811e-02       1.358529233523e+04 
       4.588551119698e-02       1.350925220586e+04 
       4.618282732428e-02       1.343285685661e+04 
       4.648771056433e-02       1.335600966244e+04 
       4.680068279331e-02       1.327875877572e+04 
       4.712231815114e-02       1.320096744300e+04 
       4.745325000325e-02       1.312264926846e+04 
       4.779417906082e-02       1.304371370375e+04 
       4.814588289002e-02       1.296418088709e+04 
       4.850922709410e-02       1.288394110684e+04 
       4.888517851920e-02       1.280293218847e+04 
       4.927482091954e-02       1.272109730658e+04 
       4.967937362467e-02       1.263837710215e+04 
       5.010021388841e-02       1.255461577906e+04 
       5.053890377274e-02       1.246978644724e+04 
       5.099722264196e-02       1.238369358664e+04 
       5.147720662439e-02       1.229625491156e+04 
       5.198119675769e-02       1.220726847486e+04 
       5.251189798371e-02       1.211657376057e+04 
       5.307245171783e-02       1.202397082031e+04 
       5.366652539092e-02       1.192913235190e+04 
       5.429842313647e-02       1.183176542206e+04 
       5.497322260235e-02       1.173146085385e+04 
       5.569694352578e-02       1.162771496023e+04 
       5.647675380802e-02       1.151989333402e+04 
       5.732121749253e-02       1.140720576602e+04 
       5.824058455771e-02       1.128858554154e+04 
       5.924711151956e-02       1.116266102442e+04 
       6.035537874462e-02       1.102757757055e+04 
       6.158252599289e-02       1.088092206550e+04 
       6.294825058911e-02       1.071940308513e+04 
       6.447429695765e-02       1.053875179102e+04 
       6.618303758502e-02       1.033345608207e+04 
       6.809471389212e-02       1.009692741875e+04 
       7.022321520687e-02       9.822103092769e+03 
       7.257119060919e-02       9.502842296998e+03 
       7.512659100826e-02       9.136183872453e+03 
       7.786316692742e-02       8.724603975867e+03 
       8.074561767705e-02       8.277106903074e+03 
       8.373699207735e-02       7.808399311952e+03 
       8.680473729674e-02       7.336323158362e+03 
       8.992351853038e-02       6.878863178017e+03 
       9.307526308424e-02       6.451555157497e+03 
       9.624781676292e-02       6.065915264209e+03 
       9.943331485913e-02       5.728636170445e+03 
       1.026267917907e-01       5.441957208486e+03 
       1.058251601680e-01       5.203956426987e+03 
       1.090265184325e-01       5.009453729098e+03 
       1.122297020780e-01       4.850922672551e+03 
       1.154340003747e-01       4.719387142444e+03 
       1.186389803631e-01       4.605274771454e+03 
       1.218443785291e-01       4.499231278700e+03 
       1.250500345135e-01       4.393072067597e+03 
       1.282558506829e-01       4.280288151379e+03 
       1.314617675254e-01       4.156674804273e+03 
       1.346677486925e-01       4.020449340809e+03 
       1.378737719141e-01       3.872221479192e+03 
       1.410798234808e-01       3.714593373971e+03 
       1.442858948936e-01       3.551589726884e+03 
       1.474919808298e-01       3.387991664117e+03 
       1.506980779070e-01       3.228663735384e+03 
       1.539041839320e-01       3.078014052656e+03 
       1.571102974447e-01       2.939543233374e+03 
       1.603164174390e-01       2.815608476727e+03 
       1.635225431938e-01       2.707322358067e+03 
       1.667286741691e-01       2.614589166099e+03 
       1.699348099420e-01       2.536254095894e+03 
       1.731409501679e-01       2.470310720600e+03 
       1.763470945556e-01       2.414170245779e+03 
       1.795532428522e-01       2.364915342028e+03 
       1.827593948330e-01       2.319862756474e+03 
       1.859655502956e-01       2.276322232385e+03 
       1.891717090551e-01       2.231492178389e+03 
       1.923778709415e-01       2.183557581198e+03 
       1.955840357975e-01       2.131470557906e+03 
       1.987902034767e-01       2.074975435465e+03 
       2.019963738428e-01       2.014550261027e+03 
       2.052025467685e-01       1.951257587738e+03 
       2.084087221342e-01       1.886538822979e+03 
       2.116148998282e-01       1.821947849814e+03 
       2.148210797453e-01       1.759008236988e+03 
       2.180272617866e-01       1.699036878267e+03 
       2.212334458590e-01       1.643066621110e+03 
       2.244396318749e-01       1.591812964148e+03 
       2.276458197516e-01       1.545630406136e+03 
       2.308520094109e-01       1.504553800596e+03 
       2.340582007792e-01       1.468273966711e+03 
       2.372643937866e-01       1.436206203562e+03 
       2.404705883672e-01       1.407551915354e+03 
       2.436767844585e-01       1.381378747616e+03 
       2.468829820012e-01       1.356725703177e+03 
       2.500891809392e-01       1.332700263335e+03 
       2.532953812191e-01       1.308547165479e+03 
       2.565015827904e-01       1.283702424795e+03 
       2.597077856048e-01       1.257819426290e+03 
       2.629139896167e-01       1.230757909915e+03 
       2.661201947824e-01       1.202587445857e+03 
       2.693264010606e-01       1.173547103846e+03 
       2.725326084117e-01       1.144015751857e+03 
       2.757388167982e-01       1.114465722836e+03 
       2.789450261840e-01       1.085406150837e+03 
       2.821512365350e-01       1.057314748675e+03 
       2.853574478184e-01       1.030596116429e+03 
       2.885636600030e-01       1.005538214857e+03 
       2.917698730589e-01       9.822794247594e+02 
       2.949760869575e-01       9.608448019428e+02 
       2.981823016716e-01       9.411371938685e+02 
       3.013885171749e-01       9.229731018945e+02 
       3.045947334424e-01       9.061101267529e+02 
       3.078009504500e-01       8.902689856266e+02 
       3.110071681749e-01       8.751587553683e+02 
       3.142133865949e-01       8.604886829008e+02 
       3.174196056888e-01       8.459983713202e+02 
       3.206258254363e-01       8.314777609864e+02 
       3.238320458180e-01       8.167822001600e+02 
       3.270382668150e-01       8.018423039225e+02 
       3.302444884094e-01       7.866646052852e+02 
       3.334507105839e-01       7.713160081047e+02 
       3.366569333217e-01       7.559098127301e+02 
       3.398631566070e-01       7.405772242705e+02 
       3.430693804242e-01       7.254630395429e+02 
       3.462756047585e-01       7.107001416220e+02 
       3.494818295956e-01       6.964127717511e+02 
       3.526880549218e-01       6.826969512125e+02 
       3.558942807238e-01       6.696243840186e+02 
       3.591005069887e-01       6.572274198466e+02 
       3.623067337043e-01       6.455014163519e+02 
       3.655129608585e-01       6.344043330470e+02 
       3.687191884400e-01       6.238617871918e+02 
       3.719254164376e-01       6.137769081110e+02 
       3.751316448406e-01       6.040496349086e+02 
       3.783378736387e-01       5.945848588717e+02 
       3.815441028218e-01       5.852999177688e+02 
       3.847503323804e-01       5.761303470368e+02 
       3.879565623049e-01       5.670289573358e+02 
       3.911627925865e-01       5.579629864693e+02 
       3.943690232163e-01       5.489215658011e+02 
       3.975752541860e-01       5.399052495949e+02 
       4.007814854872e-01       5.309323001669e+02 
       4.039877171122e-01       5.220383243666e+02 
       4.071939490532e-01       5.132626942723e+02 
       4.104001813027e-01       5.046517356878e+02 
       4.136064138536e-01       4.962424473754e+02 
       4.168126466989e-01       4.880653993095e+02 
       4.200188798319e-01       4.801384575698e+02 
       4.232251132459e-01       4.724689643383e+02 
       4.264313469346e-01       4.650583952703e+02 
       4.296375808918e-01       4.579024964957e+02 
       4.328438151116e-01       4.509887294593e+02 
       4.360500495881e-01       4.443008845335e+02 
       4.392562843157e-01       4.378167405247e+02 
       4.424625192889e-01       4.315090286252e+02 
       4.456687545024e-01       4.253471293565e+02 
       4.488749899510e-01       4.193015963349e+02 
       4.520812256297e-01       4.133497383664e+02 
       4.552874615336e-01       4.074730877681e+02 
       4.584936976580e-01       4.016607545066e+02 
       4.616999339983e-01       3.959126160383e+02 
       4.649061705500e-01       3.902256577452e+02 
       4.681124073087e-01       3.846057605217e+02 
       4.713186442701e-01       3.790551767362e+02 
       4.745248814303e-01       3.735865375672e+02 
       4.777311187851e-01       3.682071560731e+02 
       4.809373563307e-01       3.629319619037e+02 
       4.841435940632e-01       3.577708912452e+02 
       4.873498319789e-01       3.527376978317e+02 
       4.905560700743e-01       3.478345005286e+02 
       4.937623083458e-01       3.430617202269e+02 
       4.969685467900e-01       3.384162860418e+02 
       5.001747854036e-01       3.338887785852e+02 
       5.033810241833e-01       3.294668525667e+02 
       5.065872631260e-01       3.251439931120e+02 
       5.097935022286e-01       3.209102612805e+02 
       5.129997414880e-01       3.167570973402e+02 
       5.162059809014e-01       3.126768628452e+02 
       5.194122204659e-01       3.086591131601e+02 
       5.226184601786e-01       3.046980268542e+02 
       5.258247000370e-01       3.007874685511e+02 
       5.488160790264e-01       2.743652711486e+02 
       5.741365740833e-01       2.490331483062e+02 
       6.024261397032e-01       2.245598887159e+02 
       6.346353194434e-01       2.004592078243e+02 
       6.722510615744e-01       1.767654648132e+02 
       7.177530932898e-01       1.529951214344e+02 
       7.756122526863e-01       1.287808444012e+02 
       8.546293079726e-01       1.035847499980e+02 
       9.732515460003e-01       7.710739199822e+01 
       1.165351434097e+00       5.090224510340e+01 
       1.454167103633e+00       3.027730114577e+01 
       1.830103946420e+00       1.748360388395e+01 
       2.303958769472e+00       9.999179312911e+00 
       2.900512233376e+00       5.673025719808e+00 
       3.651528557815e+00       3.195294813233e+00 
       4.597002093326e+00       1.787854521270e+00 
       5.787282753359e+00       9.943755241210e-01 
       7.285757323442e+00       5.500091513613e-01 
       9.172225038646e+00       3.026860647706e-01 
       1.154714718385e+01       1.658036132634e-01 
       1.453699702347e+01       9.043102371318e-02 
       1.830099496402e+01       4.912365457721e-02 
       2.303958762133e+01       2.658382377066e-02 
       2.900512233375e+01       1.433397261281e-02 
       3.651528557815e+01       7.701578136331e-03 
