# Matter power spectrum P(k) at redshift z=0
# for k=1.05078e-05 to 36.5153 h/Mpc,
# number of wavenumbers equal to 554
#    1:k (h/Mpc)              2:P (Mpc/h)^3        
       1.050775643281e-05       4.426013968771e+01 
       2.335822474937e-05       9.609572076576e+01 
       3.625389040499e-05       1.472242598694e+02 
       4.922928651888e-05       1.981152590397e+02 
       6.231951663650e-05       2.490482556879e+02 
       7.556056626414e-05       3.002400857955e+02 
       8.898962434547e-05       3.518809007111e+02 
       1.026454189362e-04       4.041491213702e+02 
       1.165685713654e-04       4.572192449359e+02 
       1.308019732065e-04       5.112666839230e+02 
       1.453911903857e-04       5.664712370636e+02 
       1.603848987003e-04       6.230198571496e+02 
       1.758353548451e-04       6.811091017960e+02 
       1.917989066864e-04       7.409474006363e+02 
       2.083365458814e-04       8.027572948287e+02 
       2.255145048950e-04       8.667776566524e+02 
       2.434048988421e-04       9.332659563292e+02 
       2.620864101790e-04       1.002500570416e+03 
       2.816450108084e-04       1.074783097409e+03 
       3.021747113342e-04       1.150440674850e+03 
       3.237783206306e-04       1.229828193805e+03 
       3.465681901835e-04       1.313330330734e+03 
       3.706669064485e-04       1.401363236340e+03 
       3.962078804917e-04       1.494375690528e+03 
       4.233357674478e-04       1.592849460023e+03 
       4.522066293369e-04       1.697298541417e+03 
       4.829877348098e-04       1.808266902371e+03 
       5.158568708836e-04       1.926324292091e+03 
       5.510010286148e-04       2.052059638047e+03 
       5.886143226059e-04       2.186071601454e+03 
       6.288950204107e-04       2.328955939511e+03 
       6.720416000720e-04       2.481289503628e+03 
       7.182478286549e-04       2.643611012877e+03 
       7.676969638083e-04       2.816399137210e+03 
       8.205553181619e-04       3.000049041495e+03 
       8.769655757080e-04       3.194848833010e+03 
       9.370403816752e-04       3.400958027451e+03 
       1.000856806946e-03       3.618390237094e+03 
       1.068452281323e-03       3.847002144147e+03 
       1.139822478573e-03       4.086490478292e+03 
       1.214921427739e-03       4.336397561473e+03 
       1.293663856233e-03       4.596125519337e+03 
       1.375929496806e-03       4.864917526516e+03 
       1.461568871522e-03       5.141996121549e+03 
       1.550409942814e-03       5.426488670416e+03 
       1.642265007844e-03       5.717482899511e+03 
       1.736937292145e-03       6.014055790278e+03 
       1.834226837770e-03       6.315295968106e+03 
       1.933935441037e-03       6.620321882667e+03 
       2.035870543248e-03       6.928295680107e+03 
       2.139848094759e-03       7.238432469244e+03 
       2.245694491425e-03       7.550006953520e+03 
       2.353247725050e-03       7.862355012960e+03 
       2.462357903579e-03       8.174874695164e+03 
       2.572887291211e-03       8.487025167209e+03 
       2.684710001709e-03       8.798321467416e+03 
       2.797711456217e-03       9.108334318703e+03 
       2.911787694099e-03       9.416682856705e+03 
       3.026844604320e-03       9.723032399566e+03 
       3.142797126833e-03       1.002709010705e+04 
       3.259568458766e-03       1.032859867436e+04 
       3.377089288660e-03       1.062733644614e+04 
       3.495297073339e-03       1.092310835873e+04 
       3.614135365609e-03       1.121574817047e+04 
       3.733553196455e-03       1.150511367620e+04 
       3.853504512271e-03       1.179108159037e+04 
       3.973947665634e-03       1.207354778107e+04 
       4.094844956841e-03       1.235242758042e+04 
       4.216162222696e-03       1.262764828446e+04 
       4.337868468703e-03       1.289914715905e+04 
       4.459935540738e-03       1.316687991999e+04 
       4.582337832368e-03       1.343080591005e+04 
       4.705052024144e-03       1.369089783826e+04 
       4.828056851507e-03       1.394712804572e+04 
       4.951332898154e-03       1.419947874747e+04 
       5.074862412069e-03       1.439727350073e+04 
       5.198629141634e-03       1.463979754803e+04 
       5.322618189575e-03       1.487843184468e+04 
       5.446815882682e-03       1.511315900922e+04 
       5.571209655510e-03       1.534399654487e+04 
       5.695787946468e-03       1.557096121380e+04 
       5.820540104863e-03       1.579406302335e+04 
       5.945456307677e-03       1.601332371158e+04 
       6.070527484949e-03       1.622876818522e+04 
       6.195745252818e-03       1.644041472569e+04 
       6.321101853346e-03       1.664828677796e+04 
       6.446590100388e-03       1.685241432583e+04 
       6.572203330827e-03       1.705281766947e+04 
       6.697935360599e-03       1.724953331848e+04 
       6.823780444985e-03       1.744259094823e+04 
       6.949733242704e-03       1.763201831799e+04 
       7.075788783422e-03       1.781784360711e+04 
       7.201942438296e-03       1.800010396382e+04 
       7.328189893256e-03       1.817882302539e+04 
       7.454527124726e-03       1.835403778952e+04 
       7.580950377549e-03       1.852579181683e+04 
       7.707456144882e-03       1.869410846731e+04 
       7.834041149874e-03       1.885902166195e+04 
       7.960702328945e-03       1.902056285823e+04 
       8.087436816510e-03       1.917876909719e+04 
       8.214241931010e-03       1.933366683183e+04 
       8.341115162128e-03       1.948530474637e+04 
       8.468054159065e-03       1.963371211298e+04 
       8.595056719799e-03       1.977892102364e+04 
       8.722120781210e-03       1.992096231358e+04 
       8.849244410019e-03       2.005986921812e+04 
       8.976425794438e-03       2.019567934074e+04 
       9.103663236498e-03       2.032842290169e+04 
       9.230955144972e-03       2.045813545348e+04 
       9.358300028845e-03       2.058484915665e+04 
       9.485696491300e-03       2.070859503312e+04 
       9.613143224151e-03       2.082940510989e+04 
       9.740639002703e-03       2.094731720139e+04 
       9.868182681002e-03       2.106235156854e+04 
       9.995773187431e-03       2.117455108813e+04 
       1.012340952064e-02       2.128393951292e+04 
       1.025109074575e-02       2.139054987051e+04 
       1.037881599088e-02       2.149441422812e+04 
       1.050658444389e-02       2.159556510917e+04 
       1.063439534935e-02       2.169402187965e+04 
       1.076224800577e-02       2.178983254166e+04 
       1.089014176296e-02       2.188301719957e+04 
       1.101807601964e-02       2.197360003552e+04 
       1.114605022121e-02       2.206162311320e+04 
       1.127406385763e-02       2.214710927037e+04 
       1.140211646147e-02       2.223008750261e+04 
       1.153020760616e-02       2.231058679680e+04 
       1.165833690423e-02       2.238864555212e+04 
       1.178650400581e-02       2.246427474754e+04 
       1.191470859717e-02       2.253752055811e+04 
       1.204295039931e-02       2.260839091954e+04 
       1.217122916678e-02       2.267693576760e+04 
       1.229954468645e-02       2.274317659040e+04 
       1.242789677646e-02       2.280712607620e+04 
       1.255628528520e-02       2.286883163021e+04 
       1.268471009035e-02       2.292830451038e+04 
       1.281317109806e-02       2.298558414779e+04 
       1.294166824209e-02       2.304068808450e+04 
       1.307020148311e-02       2.309365293771e+04 
       1.319877080797e-02       2.314448905037e+04 
       1.332737622912e-02       2.319325304673e+04 
       1.345601778395e-02       2.323993506750e+04 
       1.358469553431e-02       2.328458259284e+04 
       1.371340956600e-02       2.332720673560e+04 
       1.384215998830e-02       2.336783652218e+04 
       1.397094693356e-02       2.340649911948e+04 
       1.409977055686e-02       2.344321603947e+04 
       1.422863103564e-02       2.347802107851e+04 
       1.435752856938e-02       2.351091037196e+04 
       1.448646337936e-02       2.354193084030e+04 
       1.461543570842e-02       2.357110600248e+04 
       1.474444582073e-02       2.359846030265e+04 
       1.487349400159e-02       2.362400424938e+04 
       1.500258055734e-02       2.364776206505e+04 
       1.513170581514e-02       2.366976337871e+04 
       1.526087012295e-02       2.369003230891e+04 
       1.539007384939e-02       2.370858418843e+04 
       1.551931738370e-02       2.372543910964e+04 
       1.564860113574e-02       2.374062165372e+04 
       1.577792553591e-02       2.375416596394e+04 
       1.590729103521e-02       2.376607128677e+04 
       1.603669810525e-02       2.377637343976e+04 
       1.616614723831e-02       2.378508480041e+04 
       1.629563894739e-02       2.379224092761e+04 
       1.642517376629e-02       2.379784577249e+04 
       1.655475224976e-02       2.380192293717e+04 
       1.668437497358e-02       2.380451135850e+04 
       1.681404253472e-02       2.380560502139e+04 
       1.694375555150e-02       2.380523280246e+04 
       1.707351466374e-02       2.380341080743e+04 
       1.720332053302e-02       2.380019376655e+04 
       1.733317384280e-02       2.379555683942e+04 
       1.746307529873e-02       2.378953246283e+04 
       1.759302562884e-02       2.378214632468e+04 
       1.772302558384e-02       2.377339141383e+04 
       1.785307593737e-02       2.376334735348e+04 
       1.798317748630e-02       2.375197540237e+04 
       1.811333105104e-02       2.373931978622e+04 
       1.824353747589e-02       2.372539425244e+04 
       1.837379762935e-02       2.371021349328e+04 
       1.850411240452e-02       2.369379771980e+04 
       1.863448271944e-02       2.367616692169e+04 
       1.876490951749e-02       2.365733977445e+04 
       1.889539376784e-02       2.363735605127e+04 
       1.902593646584e-02       2.361619599685e+04 
       1.915653863347e-02       2.359387281249e+04 
       1.928720131984e-02       2.357043364968e+04 
       1.941792560162e-02       2.354589388093e+04 
       1.954871258358e-02       2.352026312274e+04 
       1.967956339910e-02       2.349356547092e+04 
       1.981047921070e-02       2.346578723374e+04 
       1.994146121061e-02       2.343698889730e+04 
       2.007251062134e-02       2.340716726935e+04 
       2.020362869626e-02       2.337633858133e+04 
       2.033481672025e-02       2.334452957067e+04 
       2.046607601034e-02       2.331172319987e+04 
       2.059740791632e-02       2.327798611061e+04 
       2.072881382147e-02       2.324331054334e+04 
       2.086029514324e-02       2.320769640357e+04 
       2.099185333401e-02       2.317121647086e+04 
       2.112348988178e-02       2.313378604135e+04 
       2.125520631099e-02       2.309551212039e+04 
       2.138700418333e-02       2.305637310639e+04 
       2.151888509850e-02       2.301638305492e+04 
       2.165085069513e-02       2.297558641525e+04 
       2.178290265162e-02       2.293395296161e+04 
       2.191504268706e-02       2.289153639053e+04 
       2.204727256214e-02       2.284834242851e+04 
       2.217959408015e-02       2.280434754684e+04 
       2.231200908791e-02       2.275963999962e+04 
       2.244451947688e-02       2.271415692734e+04 
       2.257712718415e-02       2.266793678322e+04 
       2.270983419352e-02       2.262104841260e+04 
       2.284264253670e-02       2.257343660541e+04 
       2.297555429436e-02       2.252518548310e+04 
       2.310857159744e-02       2.247617284880e+04 
       2.324169662826e-02       2.242659324052e+04 
       2.337493162191e-02       2.237627028367e+04 
       2.350827886745e-02       2.232538111593e+04 
       2.364174070935e-02       2.227388570311e+04 
       2.377531954882e-02       2.222179005616e+04 
       2.390901784531e-02       2.216908089174e+04 
       2.404283811794e-02       2.211579418626e+04 
       2.417678294705e-02       2.206194724064e+04 
       2.431085497580e-02       2.200755432202e+04 
       2.444505691179e-02       2.195259411213e+04 
       2.457939152873e-02       2.189712851309e+04 
       2.471386166823e-02       2.184112807333e+04 
       2.484847024152e-02       2.178461586523e+04 
       2.498322023140e-02       2.172767560873e+04 
       2.511811469407e-02       2.167022722919e+04 
       2.525315676118e-02       2.161223883728e+04 
       2.538834964185e-02       2.155384340099e+04 
       2.552369662478e-02       2.149500836611e+04 
       2.565920108045e-02       2.143571343970e+04 
       2.579486646340e-02       2.137601155262e+04 
       2.593069631454e-02       2.131590354191e+04 
       2.606669426358e-02       2.125538753179e+04 
       2.620286403155e-02       2.119447353986e+04 
       2.633920943338e-02       2.113319814123e+04 
       2.647573438059e-02       2.107150642204e+04 
       2.661244288404e-02       2.100949550488e+04 
       2.674933905685e-02       2.094715429517e+04 
       2.688642711736e-02       2.088446735084e+04 
       2.702371139218e-02       2.082142322077e+04 
       2.716119631945e-02       2.075807205236e+04 
       2.729888645210e-02       2.069441786137e+04 
       2.743678646132e-02       2.063042775997e+04 
       2.757490114010e-02       2.056620644001e+04 
       2.771323540692e-02       2.050163917100e+04 
       2.785179430961e-02       2.043684307972e+04 
       2.799058302930e-02       2.037177872968e+04 
       2.812960688456e-02       2.030642282921e+04 
       2.826887133567e-02       2.024084205868e+04 
       2.840838198909e-02       2.017508055758e+04 
       2.854814460209e-02       2.010903687149e+04 
       2.868816508751e-02       2.004275118801e+04 
       2.882844951881e-02       1.997633903588e+04 
       2.896900413522e-02       1.990965651076e+04 
       2.910983534718e-02       1.984279582483e+04 
       2.925094974191e-02       1.977573333359e+04 
       2.939235408930e-02       1.970847444110e+04 
       2.953405534799e-02       1.964109098385e+04 
       2.967606067169e-02       1.957349066358e+04 
       2.981837741579e-02       1.950581424032e+04 
       2.996101314428e-02       1.943792077718e+04 
       3.010397563686e-02       1.936992184320e+04 
       3.024727289649e-02       1.930171470377e+04 
       3.039091315713e-02       1.923344850108e+04 
       3.053490489193e-02       1.916500615378e+04 
       3.067925682172e-02       1.909650860032e+04 
       3.082397792390e-02       1.902790174266e+04 
       3.096907744167e-02       1.895913041062e+04 
       3.111456489379e-02       1.889025225831e+04 
       3.126045008468e-02       1.882136078157e+04 
       3.140674311502e-02       1.875227865194e+04 
       3.155345439285e-02       1.868315571961e+04 
       3.170059464521e-02       1.861401324301e+04 
       3.184817493024e-02       1.854476306855e+04 
       3.199620664999e-02       1.847541471591e+04 
       3.214470156373e-02       1.840604819122e+04 
       3.229367180196e-02       1.833663560418e+04 
       3.244312988115e-02       1.826711526103e+04 
       3.259308871907e-02       1.819752354119e+04 
       3.274356165108e-02       1.812800618934e+04 
       3.289456244707e-02       1.805836207629e+04 
       3.304610532940e-02       1.798873764754e+04 
       3.319820499163e-02       1.791902833161e+04 
       3.335087661838e-02       1.784936414816e+04 
       3.350413590613e-02       1.777959736126e+04 
       3.365799908512e-02       1.770985827918e+04 
       3.381248294251e-02       1.764011235865e+04 
       3.396760484675e-02       1.757040762748e+04 
       3.412338277328e-02       1.750065582164e+04 
       3.427983533165e-02       1.743080892313e+04 
       3.443698179424e-02       1.736099571878e+04 
       3.459484212651e-02       1.729124815005e+04 
       3.475343701905e-02       1.722152845548e+04 
       3.491278792150e-02       1.715171749057e+04 
       3.507291707838e-02       1.708197240875e+04 
       3.523384756719e-02       1.701223868190e+04 
       3.539560333867e-02       1.694252606216e+04 
       3.555820925957e-02       1.687274212252e+04 
       3.572169115806e-02       1.680308969100e+04 
       3.588607587197e-02       1.673336712850e+04 
       3.605139130005e-02       1.666369644824e+04 
       3.621766645651e-02       1.659404101888e+04 
       3.638493152912e-02       1.652440492777e+04 
       3.655321794108e-02       1.645477971818e+04 
       3.672255841705e-02       1.638522705028e+04 
       3.689298705351e-02       1.631560976397e+04 
       3.706453939405e-02       1.624608339722e+04 
       3.723725250975e-02       1.617655010635e+04 
       3.741116508526e-02       1.610704805516e+04 
       3.758631751090e-02       1.603757364376e+04 
       3.776275198145e-02       1.596813934741e+04 
       3.794051260212e-02       1.589866952110e+04 
       3.811964550235e-02       1.582923174672e+04 
       3.830019895814e-02       1.575979935136e+04 
       3.848222352367e-02       1.569041497373e+04 
       3.866577217313e-02       1.562100844436e+04 
       3.885090045364e-02       1.555168108049e+04 
       3.903766665029e-02       1.548232944463e+04 
       3.922613196454e-02       1.541293350966e+04 
       3.941636070732e-02       1.534364019439e+04 
       3.960842050809e-02       1.527431520733e+04 
       3.980238254169e-02       1.520495420297e+04 
       3.999832177467e-02       1.513561127998e+04 
       4.019631723319e-02       1.506625643910e+04 
       4.039645229467e-02       1.499687279730e+04 
       4.059881500594e-02       1.492746495203e+04 
       4.080349843051e-02       1.485804568984e+04 
       4.101060102846e-02       1.478860173275e+04 
       4.122022707248e-02       1.471913509388e+04 
       4.143248710429e-02       1.464955585998e+04 
       4.164749843608e-02       1.458002582100e+04 
       4.186538570257e-02       1.451037998886e+04 
       4.208628146952e-02       1.444066989257e+04 
       4.231032690594e-02       1.437090100478e+04 
       4.253767252803e-02       1.430105520129e+04 
       4.276847902389e-02       1.423109822120e+04 
       4.300291816982e-02       1.416108372844e+04 
       4.324117385042e-02       1.409089568562e+04 
       4.348344319664e-02       1.402063312537e+04 
       4.372993785835e-02       1.395020155625e+04 
       4.398088543047e-02       1.387963992940e+04 
       4.423653105528e-02       1.380892238011e+04 
       4.449713922687e-02       1.373802917405e+04 
       4.476299582878e-02       1.366695069377e+04 
       4.503441044099e-02       1.359562166941e+04 
       4.531171895933e-02       1.352407445776e+04 
       4.559528657811e-02       1.345227336194e+04 
       4.588551119698e-02       1.338018445313e+04 
       4.618282732428e-02       1.330783013463e+04 
       4.648771056433e-02       1.323512039252e+04 
       4.680068279331e-02       1.316211088204e+04 
       4.712231815114e-02       1.308867281804e+04 
       4.745325000325e-02       1.301482893888e+04 
       4.779417906082e-02       1.294049860677e+04 
       4.814588289002e-02       1.286571337923e+04 
       4.850922709410e-02       1.279037590948e+04 
       4.888517851920e-02       1.271443808156e+04 
       4.927482091954e-02       1.263785898281e+04 
       4.967937362467e-02       1.256059731355e+04 
       5.010021388841e-02       1.248251727754e+04 
       5.053890377274e-02       1.240361566748e+04 
       5.099722264196e-02       1.232372304680e+04 
       5.147720662439e-02       1.224278809411e+04 
       5.198119675769e-02       1.216064385874e+04 
       5.251189798371e-02       1.207717105604e+04 
       5.307245171783e-02       1.199221782211e+04 
       5.366652539092e-02       1.190551225348e+04 
       5.429842313647e-02       1.181682761332e+04 
       5.497322260235e-02       1.172583235119e+04 
       5.569694352578e-02       1.163211467438e+04 
       5.647675380802e-02       1.153514901971e+04 
       5.732121749253e-02       1.143427427034e+04 
       5.824058455771e-02       1.132857488401e+04 
       5.924711151956e-02       1.121685528602e+04 
       6.035537874462e-02       1.109745987640e+04 
       6.158252599289e-02       1.096819297279e+04 
       6.294825058911e-02       1.082597874963e+04 
       6.447429695765e-02       1.066672852255e+04 
       6.618303758502e-02       1.048500678611e+04 
       6.809471389212e-02       1.027410227681e+04 
       7.022321520687e-02       1.002651482657e+04 
       7.257119060919e-02       9.735272290244e+03 
       7.512659100826e-02       9.396240766921e+03 
       7.786316692742e-02       9.010623069927e+03 
       8.074561767705e-02       8.586417286695e+03 
       8.373699207735e-02       8.137900872040e+03 
       8.680473729674e-02       7.683141362934e+03 
       8.992351853038e-02       7.240853459784e+03 
       9.307526308424e-02       6.827538506378e+03 
       9.624781676292e-02       6.455669466291e+03 
       9.943331485913e-02       6.132718276476e+03 
       1.026267917907e-01       5.861481066995e+03 
       1.058251601680e-01       5.640342955202e+03 
       1.090265184325e-01       5.464200072522e+03 
       1.122297020780e-01       5.325380492979e+03 
       1.154340003747e-01       5.214540646296e+03 
       1.186389803631e-01       5.121521927976e+03 
       1.218443785291e-01       5.036193177817e+03 
       1.250500345135e-01       4.949495231542e+03 
       1.282558506829e-01       4.854047308410e+03 
       1.314617675254e-01       4.744933567638e+03 
       1.346677486925e-01       4.619936837933e+03 
       1.378737719141e-01       4.479593055449e+03 
       1.410798234808e-01       4.326791331299e+03 
       1.442858948936e-01       4.166137455537e+03 
       1.474919808298e-01       4.003173671323e+03 
       1.506980779070e-01       3.843574905241e+03 
       1.539041839320e-01       3.692500102717e+03 
       1.571102974447e-01       3.554059502445e+03 
       1.603164174390e-01       3.431044037540e+03 
       1.635225431938e-01       3.324818890863e+03 
       1.667286741691e-01       3.235375170049e+03 
       1.699348099420e-01       3.161503706728e+03 
       1.731409501679e-01       3.101025317282e+03 
       1.763470945556e-01       3.051083636342e+03 
       1.795532428522e-01       3.008417721289e+03 
       1.827593948330e-01       2.969998163200e+03 
       1.859655502956e-01       2.932742698546e+03 
       1.891717090551e-01       2.893391850588e+03 
       1.923778709415e-01       2.849803176948e+03 
       1.955840357975e-01       2.800720925558e+03 
       1.987902034767e-01       2.745826724486e+03 
       2.019963738428e-01       2.685684479507e+03 
       2.052025467685e-01       2.621568030206e+03 
       2.084087221342e-01       2.555213275652e+03 
       2.116148998282e-01       2.488494221184e+03 
       2.148210797453e-01       2.423245541632e+03 
       2.180272617866e-01       2.361049332870e+03 
       2.212334458590e-01       2.303143291577e+03 
       2.244396318749e-01       2.250384342554e+03 
       2.276458197516e-01       2.203201948472e+03 
       2.308520094109e-01       2.161651036222e+03 
       2.340582007792e-01       2.125386084059e+03 
       2.372643937866e-01       2.093741672833e+03 
       2.404705883672e-01       2.065802682342e+03 
       2.436767844585e-01       2.040495062502e+03 
       2.468829820012e-01       2.016706368335e+03 
       2.500891809392e-01       1.993398690672e+03 
       2.532953812191e-01       1.969690416913e+03 
       2.565015827904e-01       1.944922296105e+03 
       2.597077856048e-01       1.918691229925e+03 
       2.629139896167e-01       1.890839755101e+03 
       2.661201947824e-01       1.861461411266e+03 
       2.693264010606e-01       1.830852801836e+03 
       2.725326084117e-01       1.799476901165e+03 
       2.757388167982e-01       1.767905997491e+03 
       2.789450261840e-01       1.736752587781e+03 
       2.821512365350e-01       1.706587670290e+03 
       2.853574478184e-01       1.677891638318e+03 
       2.885636600030e-01       1.651004290213e+03 
       2.917698730589e-01       1.626088148695e+03 
       2.949760869575e-01       1.603172665160e+03 
       2.981823016716e-01       1.582145230181e+03 
       3.013885171749e-01       1.562793768172e+03 
       3.045947334424e-01       1.544838883465e+03 
       3.078009504500e-01       1.527959324152e+03 
       3.110071681749e-01       1.511821051116e+03 
       3.142133865949e-01       1.496090759144e+03 
       3.174196056888e-01       1.480470845126e+03 
       3.206258254363e-01       1.464722638665e+03 
       3.238320458180e-01       1.448683952008e+03 
       3.270382668150e-01       1.432280455296e+03 
       3.302444884094e-01       1.415526140351e+03 
       3.334507105839e-01       1.398504832101e+03 
       3.366569333217e-01       1.381353401633e+03 
       3.398631566070e-01       1.364228347746e+03 
       3.430693804242e-01       1.347300368900e+03 
       3.462756047585e-01       1.330724879484e+03 
       3.494818295956e-01       1.314645750378e+03 
       3.526880549218e-01       1.299173176531e+03 
       3.558942807238e-01       1.284388514450e+03 
       3.591005069887e-01       1.270327714786e+03 
       3.623067337043e-01       1.256984579804e+03 
       3.655129608585e-01       1.244310820797e+03 
       3.687191884400e-01       1.232222181208e+03 
       3.719254164376e-01       1.220609806311e+03 
       3.751316448406e-01       1.209362012320e+03 
       3.783378736387e-01       1.198373378342e+03 
       3.815441028218e-01       1.187553042464e+03 
       3.847503323804e-01       1.176830988117e+03 
       3.879565623049e-01       1.166156864037e+03 
       3.911627925865e-01       1.155496679613e+03 
       3.943690232163e-01       1.144840898910e+03 
       3.975752541860e-01       1.134192652826e+03 
       4.007814854872e-01       1.123574473673e+03 
       4.039877171122e-01       1.113027616333e+03 
       4.071939490532e-01       1.102596946767e+03 
       4.104001813027e-01       1.092334310458e+03 
       4.136064138536e-01       1.082280744001e+03 
       4.168126466989e-01       1.072469744734e+03 
       4.200188798319e-01       1.062920615633e+03 
       4.232251132459e-01       1.053641022006e+03 
       4.264313469346e-01       1.044632158829e+03 
       4.296375808918e-01       1.035889000550e+03 
       4.328438151116e-01       1.027397681290e+03 
       4.360500495881e-01       1.019140526644e+03 
       4.392562843157e-01       1.011093638691e+03 
       4.424625192889e-01       1.003228009525e+03 
       4.456687545024e-01       9.955113879582e+02 
       4.488749899510e-01       9.879130801634e+02 
       4.520812256297e-01       9.804097730179e+02 
       4.552874615336e-01       9.729827983795e+02 
       4.584936976580e-01       9.656215563646e+02 
       4.616999339983e-01       9.583266962396e+02 
       4.649061705500e-01       9.510958487788e+02 
       4.681124073087e-01       9.439357905926e+02 
       4.713186442701e-01       9.368494606412e+02 
       4.745248814303e-01       9.298503140284e+02 
       4.777311187851e-01       9.229461721738e+02 
       4.809373563307e-01       9.161524168861e+02 
       4.841435940632e-01       9.094791229204e+02 
       4.873498319789e-01       9.029400070204e+02 
       4.905560700743e-01       8.965368842767e+02 
       4.937623083458e-01       8.902698022517e+02 
       4.969685467900e-01       8.841352924795e+02 
       5.001747854036e-01       8.781236096391e+02 
       5.033810241833e-01       8.722222276215e+02 
       5.065872631260e-01       8.664244992333e+02 
       5.097935022286e-01       8.607204902196e+02 
       5.129997414880e-01       8.551017287169e+02 
       5.162059809014e-01       8.495607366108e+02 
       5.194122204659e-01       8.440874083482e+02 
       5.226184601786e-01       8.386762259217e+02 
       5.258247000370e-01       8.333214346793e+02 
       5.488160790264e-01       7.967181405031e+02 
       5.741365740833e-01       7.604798339479e+02 
       6.024261397032e-01       7.241857200146e+02 
       6.346353194434e-01       6.871199083323e+02 
       6.722510615744e-01       6.488657990503e+02 
       7.177530932898e-01       6.083067719469e+02 
       7.756122526863e-01       5.639268650255e+02 
       8.546293079726e-01       5.131242360493e+02 
       9.732515460003e-01       4.518472300081e+02 
       1.165351434097e+00       3.769215822380e+02 
       1.454167103633e+00       2.968219966741e+02 
       1.830103946420e+00       2.250094399666e+02 
       2.303958769472e+00       1.643344945614e+02 
       2.900512233376e+00       1.155016186869e+02 
       3.651528557815e+00       7.837196157892e+01 
       4.597002093326e+00       5.159816726003e+01 
       5.787282753359e+00       3.313859837404e+01 
       7.285757323442e+00       2.086623537763e+01 
       9.172225038646e+00       1.293799382163e+01 
       1.154714718385e+01       7.928207272460e+00 
       1.453699702347e+01       4.815261447610e+00 
       1.830099496402e+01       2.905174442921e+00 
       2.303958762133e+01       1.744100213432e+00 
       2.900512233375e+01       1.043215527205e+00 
       3.651528557815e+01       6.222939168031e-01 
