# Matter power spectrum P(k) at redshift z=0
# for k=4.21926e-05 to 37.0352 h/Mpc,
# number of wavenumbers equal to 552
#    1:k (h/Mpc)              2:P (Mpc/h)^3        
       4.219262775278e-05       6.943415331507e+01 
       5.521591111151e-05       1.405861689733e+02 
       6.837013840375e-05       2.081317004556e+02 
       8.169172897828e-05       2.724363441529e+02 
       9.521845207224e-05       3.346612949873e+02 
       1.089897689822e-04       3.957425248511e+02 
       1.230471955801e-04       4.563746809276e+02 
       1.374346894784e-04       5.170904863499e+02 
       1.521990661347e-04       5.783188524915e+02 
       1.673904480816e-04       6.404256697176e+02 
       1.830627512247e-04       7.037400107506e+02 
       1.992742116832e-04       7.685715928143e+02 
       2.160879558453e-04       8.352228457224e+02 
       2.335726150426e-04       9.039976865833e+02 
       2.518029843129e-04       9.752082272366e+02 
       2.708607219091e-04       1.049180153430e+03 
       2.908350822078e-04       1.126257204102e+03 
       3.118236691627e-04       1.206805006583e+03 
       3.339331900258e-04       1.291214343912e+03 
       3.572801793586e-04       1.379903882205e+03 
       3.819916510268e-04       1.473322254031e+03 
       4.082056207609e-04       1.571949338769e+03 
       4.360714241650e-04       1.676296478462e+03 
       4.657497355447e-04       1.786905324848e+03 
       4.974121733432e-04       1.904344904251e+03 
       5.312403613388e-04       2.029206453832e+03 
       5.674243057107e-04       2.162095616245e+03 
       6.061599529412e-04       2.303621525073e+03 
       6.476458198212e-04       2.454382552524e+03 
       6.920786420089e-04       2.614948681712e+03 
       7.396480766216e-04       2.785840770536e+03 
       7.905306163108e-04       2.967507588001e+03 
       8.448830168310e-04       3.160301863842e+03 
       9.028356853101e-04       3.364457145555e+03 
       9.644865900184e-04       3.580067764341e+03 
       1.029896298461e-03       3.807073924359e+03 
       1.099084700667e-03       4.045254105979e+03 
       1.172029820413e-03       4.294225967504e+03 
       1.248668878733e-03       4.553455942247e+03 
       1.328901497567e-03       4.822261791885e+03 
       1.412594676093e-03       5.099852554425e+03 
       1.499588991193e-03       5.385395986925e+03 
       1.589705396967e-03       5.677980927014e+03 
       1.682752026564e-03       5.976671509838e+03 
       1.778530508180e-03       6.280531969102e+03 
       1.876841458470e-03       6.588647587757e+03 
       1.977488973856e-03       6.900141068973e+03 
       2.080284076250e-03       7.214184531488e+03 
       2.185047170401e-03       7.530008220653e+03 
       2.291609632751e-03       7.846902951569e+03 
       2.399814681325e-03       8.164224767884e+03 
       2.509517681068e-03       8.481391263788e+03 
       2.620586028043e-03       8.797880576246e+03 
       2.732898736408e-03       9.113227801640e+03 
       2.846345829520e-03       9.427021572939e+03 
       2.960827614386e-03       9.738899508098e+03 
       3.076253898941e-03       1.004854229083e+04 
       3.192543195019e-03       1.035567235345e+04 
       3.309621936622e-03       1.066004713946e+04 
       3.427423732834e-03       1.096145738964e+04 
       3.545888667076e-03       1.125971921406e+04 
       3.664962648854e-03       1.155467947938e+04 
       3.784596820250e-03       1.184620293265e+04 
       3.904747016797e-03       1.213417912314e+04 
       4.025373280650e-03       1.241851041157e+04 
       4.146439422945e-03       1.269911914659e+04 
       4.267912631705e-03       1.297593960629e+04 
       4.389763121393e-03       1.324891886505e+04 
       4.511963820231e-03       1.351801486201e+04 
       4.634490091546e-03       1.378319686730e+04 
       4.757319485587e-03       1.404443576478e+04 
       4.880431518560e-03       1.430171355062e+04 
       5.003807475886e-03       1.455502664548e+04 
       5.127430236977e-03       1.475201143677e+04 
       5.251284119111e-03       1.499528216817e+04 
       5.375354738222e-03       1.523456969946e+04 
       5.499628884685e-03       1.546987630370e+04 
       5.624094412379e-03       1.570121688312e+04 
       5.748740139507e-03       1.592860917620e+04 
       5.873555759840e-03       1.615206729232e+04 
       5.998531763202e-03       1.637162569853e+04 
       6.123659364145e-03       1.658728909717e+04 
       6.248930437901e-03       1.679909439545e+04 
       6.374337462800e-03       1.700706900498e+04 
       6.499873468434e-03       1.721123877308e+04 
       6.625531988941e-03       1.741162779313e+04 
       6.751307020846e-03       1.760827764140e+04 
       6.877192984976e-03       1.780121313495e+04 
       7.003184692005e-03       1.799046579483e+04 
       7.129277311252e-03       1.817607220839e+04 
       7.255466342384e-03       1.835806406499e+04 
       7.381747589735e-03       1.853646557161e+04 
       7.508117138955e-03       1.871132632672e+04 
       7.634571335765e-03       1.888267898744e+04 
       7.761106766611e-03       1.905055083220e+04 
       7.887720241011e-03       1.921497829294e+04 
       8.014408775439e-03       1.937600001874e+04 
       8.141169578604e-03       1.953364618229e+04 
       8.268000037974e-03       1.968794561125e+04 
       8.394897707434e-03       1.983895405794e+04 
       8.521860295978e-03       1.998669966424e+04 
       8.648885657326e-03       2.013120848684e+04 
       8.775971780389e-03       2.027251890015e+04 
       8.903116780504e-03       2.041066357934e+04 
       9.030318891368e-03       2.054568029723e+04 
       9.157576457609e-03       2.067760546140e+04 
       9.284887927940e-03       2.080646589477e+04 
       9.412251848841e-03       2.093230126825e+04 
       9.539666858728e-03       2.105514897013e+04 
       9.667131682568e-03       2.117502498714e+04 
       9.794645126894e-03       2.129198206423e+04 
       9.922206075199e-03       2.140603703940e+04 
       1.004981348367e-02       2.151723487869e+04 
       1.017746637724e-02       2.162559620402e+04 
       1.030516384590e-02       2.173115702562e+04 
       1.043290504136e-02       2.183395243083e+04 
       1.056068917381e-02       2.193400814381e+04 
       1.068851550907e-02       2.203135310300e+04 
       1.081638336584e-02       2.212604091523e+04 
       1.094429211318e-02       2.221806852883e+04 
       1.107224116814e-02       2.230749033586e+04 
       1.120022999364e-02       2.239432658420e+04 
       1.132825809634e-02       2.247861086652e+04 
       1.145632502488e-02       2.256036949613e+04 
       1.158443036799e-02       2.263964134156e+04 
       1.171257375299e-02       2.271644226570e+04 
       1.184075484414e-02       2.279081535835e+04 
       1.196897334134e-02       2.286277118243e+04 
       1.209722897875e-02       2.293236170746e+04 
       1.222552152358e-02       2.299959775477e+04 
       1.235385077496e-02       2.306451217906e+04 
       1.248221656289e-02       2.312714058017e+04 
       1.261061874725e-02       2.318749888132e+04 
       1.273905721690e-02       2.324561677770e+04 
       1.286753188880e-02       2.330153724076e+04 
       1.299604270731e-02       2.335527202098e+04 
       1.312458964337e-02       2.340684672763e+04 
       1.325317269390e-02       2.345629717887e+04 
       1.338179188115e-02       2.350364271496e+04 
       1.351044725216e-02       2.354891711532e+04 
       1.363913887821e-02       2.359214857855e+04 
       1.376786685436e-02       2.363333512046e+04 
       1.389663129900e-02       2.367253252811e+04 
       1.402543235347e-02       2.370974826261e+04 
       1.415427018169e-02       2.374501049417e+04 
       1.428314496982e-02       2.377834747851e+04 
       1.441205692601e-02       2.380977490459e+04 
       1.454100628010e-02       2.383932576954e+04 
       1.466999328338e-02       2.386703005618e+04 
       1.479901820845e-02       2.389287773163e+04 
       1.492808134900e-02       2.391693948888e+04 
       1.505718301966e-02       2.393921003335e+04 
       1.518632355593e-02       2.395971207618e+04 
       1.531550331400e-02       2.397847033865e+04 
       1.544472267079e-02       2.399551175362e+04 
       1.557398202378e-02       2.401085875244e+04 
       1.570328179110e-02       2.402452836283e+04 
       1.583262241143e-02       2.403655009378e+04 
       1.596200434407e-02       2.404693882895e+04 
       1.609142806898e-02       2.405571053658e+04 
       1.622089408678e-02       2.406289891083e+04 
       1.635040291890e-02       2.406852292200e+04 
       1.647995510762e-02       2.407259270176e+04 
       1.660955121621e-02       2.407515204369e+04 
       1.673919182906e-02       2.407618060230e+04 
       1.686887755180e-02       2.407574124330e+04 
       1.699860901151e-02       2.407382825204e+04 
       1.712838685686e-02       2.407048150918e+04 
       1.725821175836e-02       2.406570692396e+04 
       1.738808440852e-02       2.405952715468e+04 
       1.751800552215e-02       2.405196315245e+04 
       1.764797583654e-02       2.404303599456e+04 
       1.777799611178e-02       2.403276500383e+04 
       1.790806713105e-02       2.402115613218e+04 
       1.803818970086e-02       2.400824816537e+04 
       1.816836465144e-02       2.399403613144e+04 
       1.829859283703e-02       2.397858604399e+04 
       1.842887513624e-02       2.396186807704e+04 
       1.855921245244e-02       2.394390032643e+04 
       1.868960571410e-02       2.392474711914e+04 
       1.882005587525e-02       2.390439290663e+04 
       1.895056391584e-02       2.388284973116e+04 
       1.908113084222e-02       2.386015091430e+04 
       1.921175768758e-02       2.383631619756e+04 
       1.934244551241e-02       2.381134794809e+04 
       1.947319540501e-02       2.378529286819e+04 
       1.960400848200e-02       2.375815073331e+04 
       1.973488588880e-02       2.372989956716e+04 
       1.986582880026e-02       2.370063748026e+04 
       1.999683842114e-02       2.367032286412e+04 
       2.012791598676e-02       2.363898670635e+04 
       2.025906276358e-02       2.360664048223e+04 
       2.039028004980e-02       2.357333258356e+04 
       2.052156917606e-02       2.353903478871e+04 
       2.065293150606e-02       2.350382186077e+04 
       2.078436843730e-02       2.346761770708e+04 
       2.091588140173e-02       2.343052687117e+04 
       2.104747186655e-02       2.339252870347e+04 
       2.117914133494e-02       2.335364530041e+04 
       2.131089134681e-02       2.331390903897e+04 
       2.144272347970e-02       2.327328274758e+04 
       2.157463934951e-02       2.323186999519e+04 
       2.170664061145e-02       2.318956983072e+04 
       2.183872896086e-02       2.314648333270e+04 
       2.197090613417e-02       2.310261031552e+04 
       2.210317390983e-02       2.305795687504e+04 
       2.223553410928e-02       2.301253152165e+04 
       2.236798859797e-02       2.296637567868e+04 
       2.250053928638e-02       2.291948810111e+04 
       2.263318813109e-02       2.287183336081e+04 
       2.276593713590e-02       2.282350943648e+04 
       2.289878835295e-02       2.277448442500e+04 
       2.303174388391e-02       2.272478004502e+04 
       2.316480588115e-02       2.267441872546e+04 
       2.329797654903e-02       2.262337204480e+04 
       2.343125814519e-02       2.257168866874e+04 
       2.356465298184e-02       2.251945472043e+04 
       2.369816342714e-02       2.246655130671e+04 
       2.383179190664e-02       2.241304906486e+04 
       2.396554090471e-02       2.235896420626e+04 
       2.409941296607e-02       2.230431755040e+04 
       2.423341069731e-02       2.224910825237e+04 
       2.436753676851e-02       2.219335237029e+04 
       2.450179391492e-02       2.213703642608e+04 
       2.463618493863e-02       2.208023166884e+04 
       2.477071271036e-02       2.202287847096e+04 
       2.490538017125e-02       2.196507561292e+04 
       2.504019033479e-02       2.190675218510e+04 
       2.517514628874e-02       2.184793858485e+04 
       2.531025119714e-02       2.178870414636e+04 
       2.544550830239e-02       2.172902293365e+04 
       2.558092092739e-02       2.166888232963e+04 
       2.571649247777e-02       2.160831358652e+04 
       2.585222644419e-02       2.154732802729e+04 
       2.598812640471e-02       2.148592965022e+04 
       2.612419602723e-02       2.142412955982e+04 
       2.626043907204e-02       2.136192572857e+04 
       2.639685939449e-02       2.129937962036e+04 
       2.653346094764e-02       2.123646969029e+04 
       2.667024778512e-02       2.117320847361e+04 
       2.680722406407e-02       2.110957727987e+04 
       2.694439404811e-02       2.104565029091e+04 
       2.708176211049e-02       2.098142035647e+04 
       2.721933273738e-02       2.091679862393e+04 
       2.735711053117e-02       2.085195169310e+04 
       2.749510021399e-02       2.078676701282e+04 
       2.763330663131e-02       2.072126959153e+04 
       2.777173475573e-02       2.065554227112e+04 
       2.791038969081e-02       2.058956168291e+04 
       2.804927667517e-02       2.052332165807e+04 
       2.818840108665e-02       2.045681739185e+04 
       2.832776844666e-02       2.039003399405e+04 
       2.846738442472e-02       2.032304546839e+04 
       2.860725484317e-02       2.025588124781e+04 
       2.874738568201e-02       2.018849253900e+04 
       2.888778308401e-02       2.012090542483e+04 
       2.902845336000e-02       2.005308454454e+04 
       2.916940299433e-02       1.998507558021e+04 
       2.931063865059e-02       1.991687980544e+04 
       2.945216717758e-02       1.984857125007e+04 
       2.959399561549e-02       1.978002986250e+04 
       2.973613120234e-02       1.971136328833e+04 
       2.987858138073e-02       1.964251870158e+04 
       3.002135380479e-02       1.957352310310e+04 
       3.016445634755e-02       1.950440306840e+04 
       3.030789710850e-02       1.943519419546e+04 
       3.045168442157e-02       1.936586548765e+04 
       3.059582686341e-02       1.929633267611e+04 
       3.074033326205e-02       1.922669832976e+04 
       3.088521270594e-02       1.915704164806e+04 
       3.103047455342e-02       1.908721278353e+04 
       3.117612844258e-02       1.901733079060e+04 
       3.132218430160e-02       1.894734366744e+04 
       3.146865235953e-02       1.887730374585e+04 
       3.161554315764e-02       1.880712886898e+04 
       3.176286756126e-02       1.873694091881e+04 
       3.191063677212e-02       1.866671856004e+04 
       3.205886234143e-02       1.859632417358e+04 
       3.220755618347e-02       1.852592724070e+04 
       3.235673058984e-02       1.845551834203e+04 
       3.250639824453e-02       1.838499998179e+04 
       3.265657223961e-02       1.831452928414e+04 
       3.280726609177e-02       1.824391406874e+04 
       3.295849375973e-02       1.817336973966e+04 
       3.311026966245e-02       1.810269845390e+04 
       3.326260869836e-02       1.803207064666e+04 
       3.341552626559e-02       1.796135109790e+04 
       3.356903828326e-02       1.789066380903e+04 
       3.372316121388e-02       1.782003857180e+04 
       3.387791208701e-02       1.774932169525e+04 
       3.403330852417e-02       1.767858466672e+04 
       3.418936876515e-02       1.760793093506e+04 
       3.434611169581e-02       1.753718596845e+04 
       3.450355687739e-02       1.746654085946e+04 
       3.466172457751e-02       1.739579348590e+04 
       3.482063580303e-02       1.732510267350e+04 
       3.498031233475e-02       1.725442554185e+04 
       3.514077676415e-02       1.718371471118e+04 
       3.530205253240e-02       1.711305521562e+04 
       3.546416397168e-02       1.704238014352e+04 
       3.562713634901e-02       1.697179892947e+04 
       3.579099591287e-02       1.690118640114e+04 
       3.595576994262e-02       1.683061915784e+04 
       3.612148680118e-02       1.675999056982e+04 
       3.628817599103e-02       1.668949547318e+04 
       3.645586821385e-02       1.661896624212e+04 
       3.662459543410e-02       1.654847003674e+04 
       3.679439094686e-02       1.647800010655e+04 
       3.696528945022e-02       1.640754383648e+04 
       3.713732712267e-02       1.633714969982e+04 
       3.731054170581e-02       1.626670562001e+04 
       3.748497259296e-02       1.619634904517e+04 
       3.766066092395e-02       1.612601771447e+04 
       3.783764968694e-02       1.605570847055e+04 
       3.801598382757e-02       1.598540763229e+04 
       3.819571036627e-02       1.591505482967e+04 
       3.837687852445e-02       1.584485161866e+04 
       3.855953986030e-02       1.577456261910e+04 
       3.874374841518e-02       1.570431681288e+04 
       3.892956087150e-02       1.563416096873e+04 
       3.911703672332e-02       1.556391654154e+04 
       3.930623846073e-02       1.549372998387e+04 
       3.949723176951e-02       1.542349866625e+04 
       3.969008574753e-02       1.535331207024e+04 
       3.988487313956e-02       1.528312768032e+04 
       4.008167059245e-02       1.521287084595e+04 
       4.028055893278e-02       1.514267697106e+04 
       4.048162346938e-02       1.507246135345e+04 
       4.068495432337e-02       1.500222395402e+04 
       4.089064678880e-02       1.493196175430e+04 
       4.109880172737e-02       1.486163427868e+04 
       4.130952600091e-02       1.479128840886e+04 
       4.152293294626e-02       1.472092082573e+04 
       4.173914289736e-02       1.465047250183e+04 
       4.195828376035e-02       1.457995810505e+04 
       4.218049164808e-02       1.450937411358e+04 
       4.240591158159e-02       1.443872718696e+04 
       4.263469826688e-02       1.436799855377e+04 
       4.286701695700e-02       1.429714917929e+04 
       4.310304441053e-02       1.422626493948e+04 
       4.334296995965e-02       1.415521317934e+04 
       4.358699670284e-02       1.408399685260e+04 
       4.383534283979e-02       1.401268875692e+04 
       4.408824316897e-02       1.394121829674e+04 
       4.434595077187e-02       1.386958420722e+04 
       4.460873891189e-02       1.379772142324e+04 
       4.487690318092e-02       1.372568986256e+04 
       4.515076393256e-02       1.365342630657e+04 
       4.543066904825e-02       1.358089753928e+04 
       4.571699709094e-02       1.350810084882e+04 
       4.601016091204e-02       1.343506852174e+04 
       4.631061178974e-02       1.336166671133e+04 
       4.661884419314e-02       1.328798431725e+04 
       4.693540128577e-02       1.321383633730e+04 
       4.726088130644e-02       1.313935804045e+04 
       4.759594499502e-02       1.306444176599e+04 
       4.794132426831e-02       1.298899168558e+04 
       4.829783239753e-02       1.291305888423e+04 
       4.866637599782e-02       1.283652660780e+04 
       4.904796921385e-02       1.275939275718e+04 
       4.944375057936e-02       1.268153511110e+04 
       4.985500314722e-02       1.260298991469e+04 
       5.028317863770e-02       1.252359901580e+04 
       5.072992654564e-02       1.244325883972e+04 
       5.119712939250e-02       1.236191165424e+04 
       5.168694562206e-02       1.227944694461e+04 
       5.220186203346e-02       1.219570429179e+04 
       5.274475813979e-02       1.211052659061e+04 
       5.331898544735e-02       1.202371900320e+04 
       5.392846537096e-02       1.193505081710e+04 
       5.457781030125e-02       1.184425081015e+04 
       5.527247311677e-02       1.175089194946e+04 
       5.601893092558e-02       1.165456505621e+04 
       5.682490845913e-02       1.155470045407e+04 
       5.769964415439e-02       1.145047379630e+04 
       5.865419527362e-02       1.134087691116e+04 
       5.970176323493e-02       1.122453739439e+04 
       6.085798955454e-02       1.109958558327e+04 
       6.214111597825e-02       1.096341989865e+04 
       6.357180874755e-02       1.081262869865e+04 
       6.517231929833e-02       1.064243660764e+04 
       6.696454533811e-02       1.044690966607e+04 
       6.896663169835e-02       1.021887338235e+04 
       7.118829551515e-02       9.950832079031e+03 
       7.362622143547e-02       9.636725909214e+03 
       7.626201475077e-02       9.274462094665e+03 
       7.906476145394e-02       8.868128101539e+03 
       8.199756567276e-02       8.428667965052e+03 
       8.502476973245e-02       7.972411255955e+03 
       8.811671429806e-02       7.518148255854e+03 
       9.125123815339e-02       7.083988658527e+03 
       9.441296675927e-02       6.684890353755e+03 
       9.759174863197e-02       6.331242015175e+03 
       1.007810918204e-01       6.028503640088e+03 
       1.039769276217e-01       5.777413979620e+03 
       1.071767377999e-01       5.574767784562e+03 
       1.103789756444e-01       5.414243701779e+03 
       1.135826955220e-01       5.287316031831e+03 
       1.167873208314e-01       5.184160290008e+03 
       1.199925004876e-01       5.094529786793e+03 
       1.231980208388e-01       5.008646072417e+03 
       1.264037518513e-01       4.918068879790e+03 
       1.296096143230e-01       4.816406460402e+03 
       1.328155599406e-01       4.699887933400e+03 
       1.360215591610e-01       4.567493690273e+03 
       1.392275938510e-01       4.420822297534e+03 
       1.424336528180e-01       4.263572194394e+03 
       1.456397290962e-01       4.100835954489e+03 
       1.488458182983e-01       3.938286661394e+03 
       1.520519176148e-01       3.781431578835e+03 
       1.552580252044e-01       3.635009576400e+03 
       1.584641398244e-01       3.502592719800e+03 
       1.616702606046e-01       3.386339076528e+03 
       1.648763869097e-01       3.287018655498e+03 
       1.680825182545e-01       3.204075458431e+03 
       1.712886542524e-01       3.135858439426e+03 
       1.744947945834e-01       3.079873058143e+03 
       1.777009389733e-01       3.033057966959e+03 
       1.809070871817e-01       2.992089741039e+03 
       1.841132389936e-01       2.954316496989e+03 
       1.873193942141e-01       2.916147368582e+03 
       1.905255526644e-01       2.874917900068e+03 
       1.937317141798e-01       2.828855259366e+03 
       1.969378786075e-01       2.777103342973e+03 
       2.001440458053e-01       2.719732793897e+03 
       2.033502156404e-01       2.657634663681e+03 
       2.065563879887e-01       2.592308582090e+03 
       2.097625627338e-01       2.525555708531e+03 
       2.129687397665e-01       2.459264405601e+03 
       2.161749189841e-01       2.395153861927e+03 
       2.193811002901e-01       2.334663894856e+03 
       2.225872835936e-01       2.278861311530e+03 
       2.257934688089e-01       2.228424430911e+03 
       2.289996558551e-01       2.183604913731e+03 
       2.322058446558e-01       2.144296266019e+03 
       2.354120351388e-01       2.110004930907e+03 
       2.386182272359e-01       2.079956293205e+03 
       2.418244208825e-01       2.053153651964e+03 
       2.450306160174e-01       2.028507024800e+03 
       2.482368125824e-01       2.004928392693e+03 
       2.514430105226e-01       1.981443422728e+03 
       2.546492097857e-01       1.957264204421e+03 
       2.578554103220e-01       1.931841930147e+03 
       2.610616120844e-01       1.904885426799e+03 
       2.642678150279e-01       1.876344201102e+03 
       2.674740191098e-01       1.846401830353e+03 
       2.706802242894e-01       1.815426798056e+03 
       2.738864305280e-01       1.783931010796e+03 
       2.770926377885e-01       1.752507166998e+03 
       2.802988460358e-01       1.721755487168e+03 
       2.835050552361e-01       1.692208602818e+03 
       2.867112653573e-01       1.664285972686e+03 
       2.899174763687e-01       1.638248528293e+03 
       2.931236882409e-01       1.614207004120e+03 
       2.963299009458e-01       1.592116583818e+03 
       2.995361144565e-01       1.571824066246e+03 
       3.027423287473e-01       1.553089963880e+03 
       3.059485437936e-01       1.535612486280e+03 
       3.091547595717e-01       1.519065154943e+03 
       3.123609760589e-01       1.503114524921e+03 
       3.155671932336e-01       1.487442018543e+03 
       3.187734110749e-01       1.471780198194e+03 
       3.219796295628e-01       1.455916856150e+03 
       3.251858486780e-01       1.439726493453e+03 
       3.283920684021e-01       1.423177875823e+03 
       3.315982887174e-01       1.406314914207e+03 
       3.348045096068e-01       1.389245153355e+03 
       3.380107310538e-01       1.372113113988e+03 
       3.412169530427e-01       1.355087921721e+03 
       3.444231755583e-01       1.338326848692e+03 
       3.476293985860e-01       1.321981302734e+03 
       3.508356221115e-01       1.306178440152e+03 
       3.540418461215e-01       1.291020920226e+03 
       3.572480706026e-01       1.276564914589e+03 
       3.604542955424e-01       1.262833492782e+03 
       3.636605209286e-01       1.249799085402e+03 
       3.668667467495e-01       1.237395802545e+03 
       3.700729729938e-01       1.225531483658e+03 
       3.732791996504e-01       1.214094594238e+03 
       3.764854267088e-01       1.202974833234e+03 
       3.796916541587e-01       1.192075052495e+03 
       3.828978819904e-01       1.181312016348e+03 
       3.861041101942e-01       1.170625288368e+03 
       3.893103387610e-01       1.159972071259e+03 
       3.925165676817e-01       1.149330181255e+03 
       3.957227969478e-01       1.138692863605e+03 
       3.989290265508e-01       1.128073054979e+03 
       4.021352564828e-01       1.117501458708e+03 
       4.053414867358e-01       1.107022104747e+03 
       4.085477173023e-01       1.096680386456e+03 
       4.117539481749e-01       1.086525710683e+03 
       4.149601793465e-01       1.076594689610e+03 
       4.181664108102e-01       1.066913866924e+03 
       4.213726425593e-01       1.057498663501e+03 
       4.245788745873e-01       1.048355940176e+03 
       4.277851068880e-01       1.039478773614e+03 
       4.309913394551e-01       1.030858494745e+03 
       4.341975722828e-01       1.022482974218e+03 
       4.374038053654e-01       1.014332437760e+03 
       4.406100386972e-01       1.006379555859e+03 
       4.438162722728e-01       9.985934347460e+02 
       4.470225060870e-01       9.909425244196e+02 
       4.502287401347e-01       9.834008767260e+02 
       4.534349744108e-01       9.759447533935e+02 
       4.566412089106e-01       9.685593348469e+02 
       4.598474436293e-01       9.612405216743e+02 
       4.630536785624e-01       9.539877769360e+02 
       4.662599137055e-01       9.468010457499e+02 
       4.694661490542e-01       9.396882695933e+02 
       4.726723846043e-01       9.326538859990e+02 
       4.758786203518e-01       9.257088144261e+02 
       4.790848562927e-01       9.188664896270e+02 
       4.822910924231e-01       9.121375288742e+02 
       4.854973287392e-01       9.055357013795e+02 
       4.887035652374e-01       8.990680928213e+02 
       4.919098019141e-01       8.927372757661e+02 
       4.951160387658e-01       8.865413303706e+02 
       4.983222757892e-01       8.804720192043e+02 
       5.015285129809e-01       8.745196614369e+02 
       5.047347503377e-01       8.686760556124e+02 
       5.079409878564e-01       8.629300976000e+02 
       5.111472255341e-01       8.572734265787e+02 
       5.143534633678e-01       8.516996687347e+02 
       5.175597013544e-01       8.461979927570e+02 
       5.207659394913e-01       8.407628253030e+02 
       5.239721777756e-01       8.353869214298e+02 
       5.271784162046e-01       8.300671768522e+02 
       5.502983398574e-01       7.935455896003e+02 
       5.757802930912e-01       7.574052352097e+02 
       6.042791166177e-01       7.211376989430e+02 
       6.367702703215e-01       6.840847211429e+02 
       6.747851089001e-01       6.457766998559e+02 
       7.208886234009e-01       6.050851628056e+02 
       7.797296097754e-01       5.604325863418e+02 
       8.605075680666e-01       5.091322748633e+02 
       9.825183901687e-01       4.470425634913e+02 
       1.180336813423e+00       3.713092279123e+02 
       1.474763315214e+00       2.913792351527e+02 
       1.856157796184e+00       2.202250682063e+02 
       2.336760232437e+00       1.603453755534e+02 
       2.941806832045e+00       1.123798104213e+02 
       3.703515377450e+00       7.607207667752e+01 
       4.662449621643e+00       4.998796718097e+01 
       5.869676309896e+00       3.205666179577e+01 
       7.389484665534e+00       2.016232402566e+01 
       9.302810025504e+00       1.249122675095e+01 
       1.171154394220e+01       7.649903216363e+00 
       1.474396028018e+01       4.644304411461e+00 
       1.856154626720e+01       2.801241918128e+00 
       2.336760227798e+01       1.681396781104e+00 
       2.941806832044e+01       1.005598639033e+00 
       3.703515377450e+01       5.998202571103e-01 
