# Matter power spectrum P(k) at redshift z=0
# for k=1.05078e-05 to 36.5153 h/Mpc,
# number of wavenumbers equal to 554
#    1:k (h/Mpc)              2:P (Mpc/h)^3        
       1.050775643281e-05       4.873177417846e+01 
       2.335822474937e-05       1.049625064734e+02 
       3.625389040499e-05       1.601033341822e+02 
       4.922928651888e-05       2.147881087472e+02 
       6.231951663650e-05       2.693716002633e+02 
       7.556056626414e-05       3.241158475277e+02 
       8.898962434547e-05       3.792423630461e+02 
       1.026454189362e-04       4.349534560517e+02 
       1.165685713654e-04       4.914430867592e+02 
       1.308019732065e-04       5.489033649766e+02 
       1.453911903857e-04       6.075290160664e+02 
       1.603848987003e-04       6.675207907962e+02 
       1.758353548451e-04       7.290883598342e+02 
       1.917989066864e-04       7.924529022331e+02 
       2.083365458814e-04       8.578495917952e+02 
       2.255145048950e-04       9.255300111783e+02 
       2.434048988421e-04       9.957645787608e+02 
       2.620864101790e-04       1.068844990552e+03 
       2.816450108084e-04       1.145086646139e+03 
       3.021747113342e-04       1.224831056740e+03 
       3.237783206306e-04       1.308448127789e+03 
       3.465681901835e-04       1.396338234338e+03 
       3.706669064485e-04       1.488933922360e+03 
       3.962078804917e-04       1.586701037833e+03 
       4.233357674478e-04       1.690139009842e+03 
       4.522066293369e-04       1.799779958945e+03 
       4.829877348098e-04       1.916186230247e+03 
       5.158568708836e-04       2.039945909343e+03 
       5.510010286148e-04       2.171665824845e+03 
       5.886143226059e-04       2.311961602718e+03 
       6.288950204107e-04       2.461444419069e+03 
       6.720416000720e-04       2.620704289715e+03 
       7.182478286549e-04       2.790290059729e+03 
       7.676969638083e-04       2.970686667639e+03 
       8.205553181619e-04       3.162290899665e+03 
       8.769655757080e-04       3.365387143232e+03 
       9.370403816752e-04       3.580125342598e+03 
       1.000856806946e-03       3.806503436751e+03 
       1.068452281323e-03       4.044356399645e+03 
       1.139822478573e-03       4.293353634856e+03 
       1.214921427739e-03       4.553005263407e+03 
       1.293663856233e-03       4.822677367300e+03 
       1.375929496806e-03       5.101572502642e+03 
       1.461568871522e-03       5.388874811310e+03 
       1.550409942814e-03       5.683671616772e+03 
       1.642265007844e-03       5.985011437718e+03 
       1.736937292145e-03       6.291933935517e+03 
       1.834226837770e-03       6.603492988057e+03 
       1.933935441037e-03       6.918775335648e+03 
       2.035870543248e-03       7.236914721974e+03 
       2.139848094759e-03       7.557101239504e+03 
       2.245694491425e-03       7.878587952743e+03 
       2.353247725050e-03       8.200692284656e+03 
       2.462357903579e-03       8.522796826141e+03 
       2.572887291211e-03       8.844348054248e+03 
       2.684710001709e-03       9.164850707811e+03 
       2.797711456217e-03       9.483867470503e+03 
       2.911787694099e-03       9.801011297678e+03 
       3.026844604320e-03       1.011594302008e+04 
       3.142797126833e-03       1.042836676722e+04 
       3.259568458766e-03       1.073802336450e+04 
       3.377089288660e-03       1.104469042119e+04 
       3.495297073339e-03       1.134817289222e+04 
       3.614135365609e-03       1.164830538412e+04 
       3.733553196455e-03       1.194494717254e+04 
       3.853504512271e-03       1.223797688553e+04 
       3.973947665634e-03       1.252729274809e+04 
       4.094844956841e-03       1.281281290433e+04 
       4.216162222696e-03       1.309446763890e+04 
       4.337868468703e-03       1.337219731853e+04 
       4.459935540738e-03       1.364596119105e+04 
       4.582337832368e-03       1.391572202374e+04 
       4.705052024144e-03       1.418145620809e+04 
       4.828056851507e-03       1.444313953865e+04 
       4.951332898154e-03       1.470075783505e+04 
       5.074862412069e-03       1.490205845562e+04 
       5.198629141634e-03       1.514944108445e+04 
       5.322618189575e-03       1.539276056715e+04 
       5.446815882682e-03       1.563200240652e+04 
       5.571209655510e-03       1.586718804241e+04 
       5.695787946468e-03       1.609833798967e+04 
       5.820540104863e-03       1.632546563362e+04 
       5.945456307677e-03       1.654859635046e+04 
       6.070527484949e-03       1.676775865697e+04 
       6.195745252818e-03       1.698297409819e+04 
       6.321101853346e-03       1.719426943761e+04 
       6.446590100388e-03       1.740167807870e+04 
       6.572203330827e-03       1.760522331716e+04 
       6.697935360599e-03       1.780494508313e+04 
       6.823780444985e-03       1.800087614998e+04 
       6.949733242704e-03       1.819304722093e+04 
       7.075788783422e-03       1.838148934570e+04 
       7.201942438296e-03       1.856624274225e+04 
       7.328189893256e-03       1.874733361025e+04 
       7.454527124726e-03       1.892480185390e+04 
       7.580950377549e-03       1.909869406611e+04 
       7.707456144882e-03       1.926903594024e+04 
       7.834041149874e-03       1.943586399270e+04 
       7.960702328945e-03       1.959921213642e+04 
       8.087436816510e-03       1.975911997626e+04 
       8.214241931010e-03       1.991561614892e+04 
       8.341115162128e-03       2.006875213547e+04 
       8.468054159065e-03       2.021855936309e+04 
       8.595056719799e-03       2.036507211288e+04 
       8.722120781210e-03       2.050832332302e+04 
       8.849244410019e-03       2.064834835569e+04 
       8.976425794438e-03       2.078518702264e+04 
       9.103663236498e-03       2.091887149119e+04 
       9.230955144972e-03       2.104943937404e+04 
       9.358300028845e-03       2.117692475201e+04 
       9.485696491300e-03       2.130136049572e+04 
       9.613143224151e-03       2.142278047249e+04 
       9.740639002703e-03       2.154122446478e+04 
       9.868182681002e-03       2.165671416837e+04 
       9.995773187431e-03       2.176929450214e+04 
       1.012340952064e-02       2.187899068819e+04 
       1.025109074575e-02       2.198583745401e+04 
       1.037881599088e-02       2.208986850890e+04 
       1.050658444389e-02       2.219111800121e+04 
       1.063439534935e-02       2.228960653182e+04 
       1.076224800577e-02       2.238538409808e+04 
       1.089014176296e-02       2.247847200613e+04 
       1.101807601964e-02       2.256889572975e+04 
       1.114605022121e-02       2.265669908423e+04 
       1.127406385763e-02       2.274190611350e+04 
       1.140211646147e-02       2.282454716385e+04 
       1.153020760616e-02       2.290465255053e+04 
       1.165833690423e-02       2.298226222885e+04 
       1.178650400581e-02       2.305738798547e+04 
       1.191470859717e-02       2.313007771522e+04 
       1.204295039931e-02       2.320034004597e+04 
       1.217122916678e-02       2.326822668942e+04 
       1.229954468645e-02       2.333376014380e+04 
       1.242789677646e-02       2.339695386500e+04 
       1.255628528520e-02       2.345785690797e+04 
       1.268471009035e-02       2.351648122900e+04 
       1.281317109806e-02       2.357286766668e+04 
       1.294166824209e-02       2.362703459324e+04 
       1.307020148311e-02       2.367901992730e+04 
       1.319877080797e-02       2.372883463171e+04 
       1.332737622912e-02       2.377653710479e+04 
       1.345601778395e-02       2.382211757201e+04 
       1.358469553431e-02       2.386562502741e+04 
       1.371340956600e-02       2.390707117316e+04 
       1.384215998830e-02       2.394648606055e+04 
       1.397094693356e-02       2.398389782142e+04 
       1.409977055686e-02       2.401932878090e+04 
       1.422863103564e-02       2.405281383803e+04 
       1.435752856938e-02       2.408434929893e+04 
       1.448646337936e-02       2.411398348576e+04 
       1.461543570842e-02       2.414174073429e+04 
       1.474444582073e-02       2.416764631731e+04 
       1.487349400159e-02       2.419171122708e+04 
       1.500258055734e-02       2.421396049195e+04 
       1.513170581514e-02       2.423442466543e+04 
       1.526087012295e-02       2.425312864790e+04 
       1.539007384939e-02       2.427008833661e+04 
       1.551931738370e-02       2.428532449389e+04 
       1.564860113574e-02       2.429886246812e+04 
       1.577792553591e-02       2.431073738385e+04 
       1.590729103521e-02       2.432094864355e+04 
       1.603669810525e-02       2.432953306888e+04 
       1.616614723831e-02       2.433650348668e+04 
       1.629563894739e-02       2.434189643456e+04 
       1.642517376629e-02       2.434571610430e+04 
       1.655475224976e-02       2.434798678649e+04 
       1.668437497358e-02       2.434874844795e+04 
       1.681404253472e-02       2.434799506935e+04 
       1.694375555150e-02       2.434575631462e+04 
       1.707351466374e-02       2.434204877925e+04 
       1.720332053302e-02       2.433692854635e+04 
       1.733317384280e-02       2.433037032832e+04 
       1.746307529873e-02       2.432240740132e+04 
       1.759302562884e-02       2.431306613235e+04 
       1.772302558384e-02       2.430233945641e+04 
       1.785307593737e-02       2.429030885959e+04 
       1.798317748630e-02       2.427693483267e+04 
       1.811333105104e-02       2.426226266630e+04 
       1.824353747589e-02       2.424630649309e+04 
       1.837379762935e-02       2.422908140726e+04 
       1.850411240452e-02       2.421060813765e+04 
       1.863448271944e-02       2.419090718135e+04 
       1.876490951749e-02       2.416999768744e+04 
       1.889539376784e-02       2.414792035148e+04 
       1.902593646584e-02       2.412465505326e+04 
       1.915653863347e-02       2.410021533950e+04 
       1.928720131984e-02       2.407464942690e+04 
       1.941792560162e-02       2.404797306573e+04 
       1.954871258358e-02       2.402019612470e+04 
       1.967956339910e-02       2.399134325504e+04 
       1.981047921070e-02       2.396140052003e+04 
       1.994146121061e-02       2.393042971932e+04 
       2.007251062134e-02       2.389842762837e+04 
       2.020362869626e-02       2.386541085220e+04 
       2.033481672025e-02       2.383140671602e+04 
       2.046607601034e-02       2.379639785831e+04 
       2.059740791632e-02       2.376045232694e+04 
       2.072881382147e-02       2.372356222270e+04 
       2.086029514324e-02       2.368572747123e+04 
       2.099185333401e-02       2.364702236084e+04 
       2.112348988178e-02       2.360736047304e+04 
       2.125520631099e-02       2.356685101056e+04 
       2.138700418333e-02       2.352547194145e+04 
       2.151888509850e-02       2.348323761610e+04 
       2.165085069513e-02       2.344019338647e+04 
       2.178290265162e-02       2.339630842320e+04 
       2.191504268706e-02       2.335163750339e+04 
       2.204727256214e-02       2.330618646658e+04 
       2.217959408015e-02       2.325993131598e+04 
       2.231200908791e-02       2.321296205530e+04 
       2.244451947688e-02       2.316521457403e+04 
       2.257712718415e-02       2.311672808207e+04 
       2.270983419352e-02       2.306757276830e+04 
       2.284264253670e-02       2.301769232706e+04 
       2.297555429436e-02       2.296717251154e+04 
       2.310857159744e-02       2.291588873224e+04 
       2.324169662826e-02       2.286403929385e+04 
       2.337493162191e-02       2.281144438751e+04 
       2.350827886745e-02       2.275828455790e+04 
       2.364174070935e-02       2.270451897300e+04 
       2.377531954882e-02       2.265015373641e+04 
       2.390901784531e-02       2.259517528925e+04 
       2.404283811794e-02       2.253962027201e+04 
       2.417678294705e-02       2.248350628844e+04 
       2.431085497580e-02       2.242684784807e+04 
       2.444505691179e-02       2.236962320292e+04 
       2.457939152873e-02       2.231189539241e+04 
       2.471386166823e-02       2.225363438029e+04 
       2.484847024152e-02       2.219486364118e+04 
       2.498322023140e-02       2.213566842008e+04 
       2.511811469407e-02       2.207596711399e+04 
       2.525315676118e-02       2.201572721450e+04 
       2.538834964185e-02       2.195508411464e+04 
       2.552369662478e-02       2.189400461694e+04 
       2.565920108045e-02       2.183246801789e+04 
       2.579486646340e-02       2.177052817926e+04 
       2.593069631454e-02       2.170818591033e+04 
       2.606669426358e-02       2.164543925896e+04 
       2.620286403155e-02       2.158229838267e+04 
       2.633920943338e-02       2.151880047377e+04 
       2.647573438059e-02       2.145488958423e+04 
       2.661244288404e-02       2.139066453916e+04 
       2.674933905685e-02       2.132611399307e+04 
       2.688642711736e-02       2.126122217881e+04 
       2.702371139218e-02       2.119597739518e+04 
       2.716119631945e-02       2.113043063285e+04 
       2.729888645210e-02       2.106458592679e+04 
       2.743678646132e-02       2.099840975914e+04 
       2.757490114010e-02       2.093200861206e+04 
       2.771323540692e-02       2.086526568766e+04 
       2.785179430961e-02       2.079830011153e+04 
       2.799058302930e-02       2.073107170130e+04 
       2.812960688456e-02       2.066355670821e+04 
       2.826887133567e-02       2.059582291485e+04 
       2.840838198909e-02       2.052791516137e+04 
       2.854814460209e-02       2.045973018645e+04 
       2.868816508751e-02       2.039130881645e+04 
       2.882844951881e-02       2.032276849617e+04 
       2.896900413522e-02       2.025396280178e+04 
       2.910983534718e-02       2.018498545977e+04 
       2.925094974191e-02       2.011581236306e+04 
       2.939235408930e-02       2.004644894806e+04 
       2.953405534799e-02       1.997696819894e+04 
       2.967606067169e-02       1.990727620215e+04 
       2.981837741579e-02       1.983751601272e+04 
       2.996101314428e-02       1.976754427208e+04 
       3.010397563686e-02       1.969747434638e+04 
       3.024727289649e-02       1.962720173117e+04 
       3.039091315713e-02       1.955687797327e+04 
       3.053490489193e-02       1.948638398988e+04 
       3.067925682172e-02       1.941584264250e+04 
       3.082397792390e-02       1.934519887261e+04 
       3.096907744167e-02       1.927439654353e+04 
       3.111456489379e-02       1.920349418580e+04 
       3.126045008468e-02       1.913258674020e+04 
       3.140674311502e-02       1.906149393593e+04 
       3.155345439285e-02       1.899036797805e+04 
       3.170059464521e-02       1.891923038843e+04 
       3.184817493024e-02       1.884799152463e+04 
       3.199620664999e-02       1.877666099117e+04 
       3.214470156373e-02       1.870531999632e+04 
       3.229367180196e-02       1.863394012823e+04 
       3.244312988115e-02       1.856245864401e+04 
       3.259308871907e-02       1.849091242866e+04 
       3.274356165108e-02       1.841944943938e+04 
       3.289456244707e-02       1.834786531032e+04 
       3.304610532940e-02       1.827630870396e+04 
       3.319820499163e-02       1.820467333943e+04 
       3.335087661838e-02       1.813309117778e+04 
       3.350413590613e-02       1.806141211435e+04 
       3.365799908512e-02       1.798976839229e+04 
       3.381248294251e-02       1.791812485089e+04 
       3.396760484675e-02       1.784653016798e+04 
       3.412338277328e-02       1.777489464511e+04 
       3.427983533165e-02       1.770316945770e+04 
       3.443698179424e-02       1.763148526838e+04 
       3.459484212651e-02       1.755987440844e+04 
       3.475343701905e-02       1.748829845231e+04 
       3.491278792150e-02       1.741663638021e+04 
       3.507291707838e-02       1.734504761512e+04 
       3.523384756719e-02       1.727347671886e+04 
       3.539560333867e-02       1.720193349598e+04 
       3.555820925957e-02       1.713032406028e+04 
       3.572169115806e-02       1.705885414236e+04 
       3.588607587197e-02       1.698731903293e+04 
       3.605139130005e-02       1.691584244362e+04 
       3.621766645651e-02       1.684438710538e+04 
       3.638493152912e-02       1.677295706459e+04 
       3.655321794108e-02       1.670154363971e+04 
       3.672255841705e-02       1.663020927608e+04 
       3.689298705351e-02       1.655881473051e+04 
       3.706453939405e-02       1.648751767006e+04 
       3.723725250975e-02       1.641621873532e+04 
       3.741116508526e-02       1.634495652314e+04 
       3.758631751090e-02       1.627372726556e+04 
       3.776275198145e-02       1.620254349422e+04 
       3.794051260212e-02       1.613132837804e+04 
       3.811964550235e-02       1.606015032866e+04 
       3.830019895814e-02       1.598898217218e+04 
       3.848222352367e-02       1.591786701032e+04 
       3.866577217313e-02       1.584673356420e+04 
       3.885090045364e-02       1.577568441391e+04 
       3.903766665029e-02       1.570461455027e+04 
       3.922613196454e-02       1.563350353161e+04 
       3.941636070732e-02       1.556250013287e+04 
       3.960842050809e-02       1.549146807053e+04 
       3.980238254169e-02       1.542040278434e+04 
       3.999832177467e-02       1.534935893837e+04 
       4.019631723319e-02       1.527830595443e+04 
       4.039645229467e-02       1.520722654482e+04 
       4.059881500594e-02       1.513612518330e+04 
       4.080349843051e-02       1.506501463135e+04 
       4.101060102846e-02       1.499388123106e+04 
       4.122022707248e-02       1.492272680896e+04 
       4.143248710429e-02       1.485146005595e+04 
       4.164749843608e-02       1.478024464138e+04 
       4.186538570257e-02       1.470891318561e+04 
       4.208628146952e-02       1.463751763495e+04 
       4.231032690594e-02       1.456606326304e+04 
       4.253767252803e-02       1.449453142886e+04 
       4.276847902389e-02       1.442288713733e+04 
       4.300291816982e-02       1.435118441574e+04 
       4.324117385042e-02       1.427930542797e+04 
       4.348344319664e-02       1.420735009736e+04 
       4.372993785835e-02       1.413522237163e+04 
       4.398088543047e-02       1.406296128505e+04 
       4.423653105528e-02       1.399054022016e+04 
       4.449713922687e-02       1.391793873841e+04 
       4.476299582878e-02       1.384514660958e+04 
       4.503441044099e-02       1.377209724208e+04 
       4.531171895933e-02       1.369882281474e+04 
       4.559528657811e-02       1.362528658275e+04 
       4.588551119698e-02       1.355145354508e+04 
       4.618282732428e-02       1.347734564314e+04 
       4.648771056433e-02       1.340287101148e+04 
       4.680068279331e-02       1.332808509320e+04 
       4.712231815114e-02       1.325285666091e+04 
       4.745325000325e-02       1.317720768538e+04 
       4.779417906082e-02       1.310105546816e+04 
       4.814588289002e-02       1.302443066812e+04 
       4.850922709410e-02       1.294723344313e+04 
       4.888517851920e-02       1.286941359428e+04 
       4.927482091954e-02       1.279092803024e+04 
       4.967937362467e-02       1.271173306162e+04 
       5.010021388841e-02       1.263168924387e+04 
       5.053890377274e-02       1.255079089058e+04 
       5.099722264196e-02       1.246886398499e+04 
       5.147720662439e-02       1.238585352196e+04 
       5.198119675769e-02       1.230158721691e+04 
       5.251189798371e-02       1.221594044649e+04 
       5.307245171783e-02       1.212875506477e+04 
       5.366652539092e-02       1.203975097468e+04 
       5.429842313647e-02       1.194869288024e+04 
       5.497322260235e-02       1.185523866024e+04 
       5.569694352578e-02       1.175896404660e+04 
       5.647675380802e-02       1.165932862113e+04 
       5.732121749253e-02       1.155565368738e+04 
       5.824058455771e-02       1.144700224194e+04 
       5.924711151956e-02       1.133215324514e+04 
       6.035537874462e-02       1.120942047304e+04 
       6.158252599289e-02       1.107657282622e+04 
       6.294825058911e-02       1.093049360867e+04 
       6.447429695765e-02       1.076705076673e+04 
       6.618303758502e-02       1.058076699987e+04 
       6.809471389212e-02       1.036490116993e+04 
       7.022321520687e-02       1.011195032215e+04 
       7.257119060919e-02       9.814984844879e+03 
       7.512659100826e-02       9.469972587740e+03 
       7.786316692742e-02       9.078274475243e+03 
       8.074561767705e-02       8.648078385461e+03 
       8.373699207735e-02       8.193845409984e+03 
       8.680473729674e-02       7.733786078870e+03 
       8.992351853038e-02       7.286699536580e+03 
       9.307526308424e-02       6.869112075560e+03 
       9.624781676292e-02       6.493472761400e+03 
       9.943331485913e-02       6.167195737131e+03 
       1.026267917907e-01       5.893001129266e+03 
       1.058251601680e-01       5.669192536784e+03 
       1.090265184325e-01       5.490589717153e+03 
       1.122297020780e-01       5.349457397362e+03 
       1.154340003747e-01       5.236407171121e+03 
       1.186389803631e-01       5.141257189653e+03 
       1.218443785291e-01       5.053875004138e+03 
       1.250500345135e-01       4.965218710725e+03 
       1.282558506829e-01       4.867937659927e+03 
       1.314617675254e-01       4.757150234637e+03 
       1.346677486925e-01       4.630669071300e+03 
       1.378737719141e-01       4.489047848438e+03 
       1.410798234808e-01       4.335177125421e+03 
       1.442858948936e-01       4.173647176920e+03 
       1.474919808298e-01       4.009970381122e+03 
       1.506980779070e-01       3.849782336479e+03 
       1.539041839320e-01       3.698198578014e+03 
       1.571102974447e-01       3.559287256021e+03 
       1.603164174390e-01       3.435802485425e+03 
       1.635225431938e-01       3.329080708778e+03 
       1.667286741691e-01       3.239093970711e+03 
       1.699348099420e-01       3.164624291103e+03 
       1.731409501679e-01       3.103493899173e+03 
       1.763470945556e-01       3.052857229595e+03 
       1.795532428522e-01       3.009472398007e+03 
       1.827593948330e-01       2.970331854712e+03 
       1.859655502956e-01       2.932380673264e+03 
       1.891717090551e-01       2.892393632674e+03 
       1.923778709415e-01       2.848254826780e+03 
       1.955840357975e-01       2.798727549734e+03 
       1.987902034767e-01       2.743502463059e+03 
       2.019963738428e-01       2.683141420109e+03 
       2.052025467685e-01       2.618905943299e+03 
       2.084087221342e-01       2.552511719888e+03 
       2.116148998282e-01       2.485808584653e+03 
       2.148210797453e-01       2.420605575983e+03 
       2.180272617866e-01       2.358460856651e+03 
       2.212334458590e-01       2.300591573294e+03 
       2.244396318749e-01       2.247838412323e+03 
       2.276458197516e-01       2.200619981556e+03 
       2.308520094109e-01       2.158985416217e+03 
       2.340582007792e-01       2.122589274971e+03 
       2.372643937866e-01       2.090771389151e+03 
       2.404705883672e-01       2.062626447103e+03 
       2.436767844585e-01       2.037093747716e+03 
       2.468829820012e-01       2.013076084822e+03 
       2.500891809392e-01       1.989550911138e+03 
       2.532953812191e-01       1.965650611846e+03 
       2.565015827904e-01       1.940727174901e+03 
       2.597077856048e-01       1.914385023282e+03 
       2.629139896167e-01       1.886470277533e+03 
       2.661201947824e-01       1.857075679059e+03 
       2.693264010606e-01       1.826493203779e+03 
       2.725326084117e-01       1.795177831541e+03 
       2.757388167982e-01       1.763691405125e+03 
       2.789450261840e-01       1.732634748502e+03 
       2.821512365350e-01       1.702567494058e+03 
       2.853574478184e-01       1.673959970078e+03 
       2.885636600030e-01       1.647144255727e+03 
       2.917698730589e-01       1.622278332348e+03 
       2.949760869575e-01       1.599389586417e+03 
       2.981823016716e-01       1.578366120037e+03 
       3.013885171749e-01       1.558998642186e+03 
       3.045947334424e-01       1.541012078243e+03 
       3.078009504500e-01       1.524090597083e+03 
       3.110071681749e-01       1.507906135988e+03 
       3.142133865949e-01       1.492131658354e+03 
       3.174196056888e-01       1.476475383890e+03 
       3.206258254363e-01       1.460703478601e+03 
       3.238320458180e-01       1.444657153472e+03 
       3.270382668150e-01       1.428263702421e+03 
       3.302444884094e-01       1.411536860219e+03 
       3.334507105839e-01       1.394558634214e+03 
       3.366569333217e-01       1.377462829666e+03 
       3.398631566070e-01       1.360402339017e+03 
       3.430693804242e-01       1.343543828353e+03 
       3.462756047585e-01       1.327038917752e+03 
       3.494818295956e-01       1.311027854239e+03 
       3.526880549218e-01       1.295617899504e+03 
       3.558942807238e-01       1.280888082440e+03 
       3.591005069887e-01       1.266873039335e+03 
       3.623067337043e-01       1.253566229934e+03 
       3.655129608585e-01       1.240920026987e+03 
       3.687191884400e-01       1.228851728677e+03 
       3.719254164376e-01       1.217254686892e+03 
       3.751316448406e-01       1.206019572471e+03 
       3.783378736387e-01       1.195043248598e+03 
       3.815441028218e-01       1.184236857550e+03 
       3.847503323804e-01       1.173531938132e+03 
       3.879565623049e-01       1.162879255602e+03 
       3.911627925865e-01       1.152245561627e+03 
       3.943690232163e-01       1.141621470299e+03 
       3.975752541860e-01       1.131009948498e+03 
       4.007814854872e-01       1.120432869509e+03 
       4.039877171122e-01       1.109930337802e+03 
       4.071939490532e-01       1.099545953819e+03 
       4.104001813027e-01       1.089330094113e+03 
       4.136064138536e-01       1.079322581471e+03 
       4.168126466989e-01       1.069555877242e+03 
       4.200188798319e-01       1.060048606370e+03 
       4.232251132459e-01       1.050808056231e+03 
       4.264313469346e-01       1.041835214610e+03 
       4.296375808918e-01       1.033125017046e+03 
       4.328438151116e-01       1.024663801310e+03 
       4.360500495881e-01       1.016434209529e+03 
       4.392562843157e-01       1.008412841087e+03 
       4.424625192889e-01       1.000571339984e+03 
       4.456687545024e-01       9.928782138118e+02 
       4.488749899510e-01       9.853035043635e+02 
       4.520812256297e-01       9.778244486900e+02 
       4.552874615336e-01       9.704228139435e+02 
       4.584936976580e-01       9.630882217567e+02 
       4.616999339983e-01       9.558212345274e+02 
       4.649061705500e-01       9.486194818950e+02 
       4.681124073087e-01       9.414894832327e+02 
       4.713186442701e-01       9.344340269860e+02 
       4.745248814303e-01       9.274661179021e+02 
       4.777311187851e-01       9.205932831210e+02 
       4.809373563307e-01       9.138303907128e+02 
       4.841435940632e-01       9.071871490530e+02 
       4.873498319789e-01       9.006767998997e+02 
       4.905560700743e-01       8.943010244953e+02 
       4.937623083458e-01       8.880597887356e+02 
       4.969685467900e-01       8.819496468413e+02 
       5.001747854036e-01       8.759610636694e+02 
       5.033810241833e-01       8.700818110733e+02 
       5.065872631260e-01       8.643053724629e+02 
       5.097935022286e-01       8.586220460979e+02 
       5.129997414880e-01       8.530235544854e+02 
       5.162059809014e-01       8.475025888712e+02 
       5.194122204659e-01       8.420492963330e+02 
       5.226184601786e-01       8.366582782827e+02 
       5.258247000370e-01       8.313239098324e+02 
       5.488160790264e-01       7.948665368907e+02 
       5.741365740833e-01       7.587617188137e+02 
       6.024261397032e-01       7.225889286743e+02 
       6.346353194434e-01       6.856382709960e+02 
       6.722510615744e-01       6.474823370155e+02 
       7.177530932898e-01       6.070043512298e+02 
       7.756122526863e-01       5.626787727839e+02 
       8.546293079726e-01       5.118891022057e+02 
       9.732515460003e-01       4.505562839838e+02 
       1.165351434097e+00       3.754819798782e+02 
       1.454167103633e+00       2.952224671876e+02 
       1.830103946420e+00       2.233986515126e+02 
       2.303958769472e+00       1.628939413109e+02 
       2.900512233376e+00       1.143398140094e+02 
       3.651528557815e+00       7.750788343508e+01 
       4.597002093326e+00       5.099407114468e+01 
       5.787282753359e+00       3.273555638850e+01 
       7.285757323442e+00       2.060654997142e+01 
       9.172225038646e+00       1.277491573642e+01 
       1.154714718385e+01       7.827694630958e+00 
       1.453699702347e+01       4.754143780961e+00 
       1.830099496402e+01       2.868372384466e+00 
       2.303958762133e+01       1.722095256254e+00 
       2.900512233375e+01       1.030124841712e+00 
       3.651528557815e+01       6.145348952071e-01 
