# Matter power spectrum P(k) at redshift z=0
# for k=1.05046e-05 to 37.3864 h/Mpc,
# number of wavenumbers equal to 555
#    1:k (h/Mpc)              2:P (Mpc/h)^3        
       1.050459426649e-05       4.492259354005e+01 
       2.329761925606e-05       9.693004194928e+01 
       3.613535438444e-05       1.480797082479e+02 
       4.905187059943e-05       1.988975509694e+02 
       6.208179766664e-05       2.496863491357e+02 
       7.526062876850e-05       3.006747323422e+02 
       8.862503475406e-05       3.520592291226e+02 
       1.022131921654e-04       4.040215525951e+02 
       1.160651291986e-04       4.567374946914e+02 
       1.302230937894e-04       5.103823290088e+02 
       1.447319480224e-04       5.651345831338e+02 
       1.596395930117e-04       6.211789873802e+02 
       1.749974282342e-04       6.787089957620e+02 
       1.908608489667e-04       7.379291029585e+02 
       2.072897848657e-04       7.990570677982e+02 
       2.243492817452e-04       8.623261266155e+02 
       2.421101270731e-04       9.279872000238e+02 
       2.606495174322e-04       9.963111500698e+02 
       2.800517629236e-04       1.067591035780e+03 
       3.004090189210e-04       1.142144347270e+03 
       3.218220293667e-04       1.220315169969e+03 
       3.444008575566e-04       1.302476146234e+03 
       3.682655697232e-04       1.389030136631e+03 
       3.935468234515e-04       1.480411373869e+03 
       4.203862970118e-04       1.577085862408e+03 
       4.489368775026e-04       1.679550749071e+03 
       4.793625064089e-04       1.788332280362e+03 
       5.118375630009e-04       1.903981934444e+03 
       5.465456525585e-04       2.027070294377e+03 
       5.836776629408e-04       2.158178255746e+03 
       6.234289662831e-04       2.297885149754e+03 
       6.659956800405e-04       2.446753724075e+03 
       7.115699696938e-04       2.605311912864e+03 
       7.603344768696e-04       2.774032079112e+03 
       8.124560868823e-04       2.953308480620e+03 
       8.680793939183e-04       3.143434582880e+03 
       9.273203542419e-04       3.344581960742e+03 
       9.902607040940e-04       3.556783010265e+03 
       1.056943726226e-03       3.779919419808e+03 
       1.127371856794e-03       4.013718134653e+03 
       1.201506435765e-03       4.257755552664e+03 
       1.279269649995e-03       4.511465882686e+03 
       1.360548450564e-03       4.774131061643e+03 
       1.445200002119e-03       5.045014082325e+03 
       1.533058085474e-03       5.323272663336e+03 
       1.623939843225e-03       5.608024813260e+03 
       1.717652321027e-03       5.898374268229e+03 
       1.813998384059e-03       6.193432749241e+03 
       1.912781741589e-03       6.492338109424e+03 
       2.013810959855e-03       6.794268461299e+03 
       2.116902463351e-03       7.098452016590e+03 
       2.221882608073e-03       7.404173356819e+03 
       2.328588958108e-03       7.710776860664e+03 
       2.436870915606e-03       8.017666657780e+03 
       2.546589852166e-03       8.324306255720e+03 
       2.657618875169e-03       8.630214588414e+03 
       2.769842341964e-03       8.934963905952e+03 
       2.883155212787e-03       9.238175722692e+03 
       2.997462312422e-03       9.539516211473e+03 
       3.112677552467e-03       9.838692439186e+03 
       3.228723151101e-03       1.013544787555e+04 
       3.345528875413e-03       1.042955966409e+04 
       3.463031322309e-03       1.072083314500e+04 
       3.581173247354e-03       1.100910089023e+04 
       3.699902946088e-03       1.129421963641e+04 
       3.819173689045e-03       1.157606497347e+04 
       3.938943209463e-03       1.185453263438e+04 
       4.059173241273e-03       1.212953444583e+04 
       4.179829104122e-03       1.240099809528e+04 
       4.300879331745e-03       1.266885797120e+04 
       4.422295339907e-03       1.293306992729e+04 
       4.544051130131e-03       1.319359024214e+04 
       4.666123025619e-03       1.345039155780e+04 
       4.788489436004e-03       1.370344685511e+04 
       4.911130647808e-03       1.395273150716e+04 
       5.034028637796e-03       1.419826100166e+04 
       5.157166906655e-03       1.444000973621e+04 
       5.280530330714e-03       1.467799617471e+04 
       5.404105029651e-03       1.491220999198e+04 
       5.527878248379e-03       1.514265657182e+04 
       5.651838251484e-03       1.536935305927e+04 
       5.775974228786e-03       1.559230771529e+04 
       5.900276210778e-03       1.581153213562e+04 
       6.024734992802e-03       1.602706413531e+04 
       6.149342067003e-03       1.623890492011e+04 
       6.274089561176e-03       1.644708049956e+04 
       6.398970183753e-03       1.665161781560e+04 
       6.523977174238e-03       1.685253292402e+04 
       6.649104258523e-03       1.704986064090e+04 
       6.774345608520e-03       1.724363050498e+04 
       6.899695805685e-03       1.743386270272e+04 
       7.025149807984e-03       1.762058791091e+04 
       7.150702919970e-03       1.780383761323e+04 
       7.276350765627e-03       1.798363026737e+04 
       7.402089263701e-03       1.816000754302e+04 
       7.527914605266e-03       1.833300114791e+04 
       7.653823233306e-03       1.850264343640e+04 
       7.779811824090e-03       1.866895282800e+04 
       7.905877270191e-03       1.883197218251e+04 
       8.032016664965e-03       1.899172454171e+04 
       8.158227288365e-03       1.914824636789e+04 
       8.284506593948e-03       1.930156666529e+04 
       8.410852196979e-03       1.945172997558e+04 
       8.537261863508e-03       1.959875308589e+04 
       8.663733500356e-03       1.974266976385e+04 
       8.790265145901e-03       1.988351430737e+04 
       8.916854961609e-03       2.002131831006e+04 
       9.043501224238e-03       2.015610767795e+04 
       9.170202318652e-03       2.028792192635e+04 
       9.296956731198e-03       2.041679076918e+04 
       9.423763043591e-03       2.054273690674e+04 
       9.550619927270e-03       2.066580146920e+04 
       9.677526138179e-03       2.078600502599e+04 
       9.804480511940e-03       2.090337813508e+04 
       9.931481959388e-03       2.101795512168e+04 
       1.005852946243e-02       2.112976187272e+04 
       1.018562207023e-02       2.123882992909e+04 
       1.031275889562e-02       2.134518800831e+04 
       1.043993911184e-02       2.144886401054e+04 
       1.056716194945e-02       2.154988956783e+04 
       1.069442669351e-02       2.164828628451e+04 
       1.082173268092e-02       2.174409370516e+04 
       1.094907929800e-02       2.183732370838e+04 
       1.107646597817e-02       2.192802754198e+04 
       1.120389219985e-02       2.201621566010e+04 
       1.133135748449e-02       2.210191155996e+04 
       1.145886139473e-02       2.218516422410e+04 
       1.158640353269e-02       2.226598126698e+04 
       1.171398353841e-02       2.234440027395e+04 
       1.184160108833e-02       2.242043917162e+04 
       1.196925589394e-02       2.249414219578e+04 
       1.209694770050e-02       2.256551337515e+04 
       1.222467628587e-02       2.263458869608e+04 
       1.235244145935e-02       2.270140532825e+04 
       1.248024306073e-02       2.276597566291e+04 
       1.260808095928e-02       2.282832808958e+04 
       1.273595505288e-02       2.288849210362e+04 
       1.286386526721e-02       2.294649422348e+04 
       1.299181155500e-02       2.300235383657e+04 
       1.311979389528e-02       2.305610337299e+04 
       1.324781229281e-02       2.310776252412e+04 
       1.337586677741e-02       2.315736067033e+04 
       1.350395740344e-02       2.320490814452e+04 
       1.363208424931e-02       2.325045939624e+04 
       1.376024741699e-02       2.329399543931e+04 
       1.388844703159e-02       2.333556931774e+04 
       1.401668324102e-02       2.337518443050e+04 
       1.414495621556e-02       2.341288323604e+04 
       1.427326614763e-02       2.344869406689e+04 
       1.440161325147e-02       2.348260730970e+04 
       1.452999776288e-02       2.351468504488e+04 
       1.465841993904e-02       2.354490423593e+04 
       1.478688005827e-02       2.357333614054e+04 
       1.491537841993e-02       2.359996187155e+04 
       1.504391534420e-02       2.362482214100e+04 
       1.517249117206e-02       2.364794321747e+04 
       1.530110626514e-02       2.366933218994e+04 
       1.542976100567e-02       2.368902018893e+04 
       1.555845579647e-02       2.370703003285e+04 
       1.568719106086e-02       2.372337021138e+04 
       1.581596724276e-02       2.373807055117e+04 
       1.594478480663e-02       2.375114311710e+04 
       1.607364423754e-02       2.376263552164e+04 
       1.620254604127e-02       2.377253288682e+04 
       1.633149074431e-02       2.378087885092e+04 
       1.646047889405e-02       2.378767553719e+04 
       1.658951105883e-02       2.379296111983e+04 
       1.671858782812e-02       2.379673902677e+04 
       1.684770981265e-02       2.379904364730e+04 
       1.697687764458e-02       2.379988243805e+04 
       1.710609197772e-02       2.379928230182e+04 
       1.723535348769e-02       2.379725421211e+04 
       1.736466287219e-02       2.379383762645e+04 
       1.749402085120e-02       2.378902019117e+04 
       1.762342816725e-02       2.378284248768e+04 
       1.775288558571e-02       2.377532477402e+04 
       1.788239389506e-02       2.376646062840e+04 
       1.801195390718e-02       2.375630399308e+04 
       1.814156645773e-02       2.374484621309e+04 
       1.827123240642e-02       2.373211009258e+04 
       1.840095263742e-02       2.371812020871e+04 
       1.853072805968e-02       2.370290228320e+04 
       1.866055960740e-02       2.368646638600e+04 
       1.879044824034e-02       2.366881801620e+04 
       1.892039494431e-02       2.364998694516e+04 
       1.905040073160e-02       2.362999452546e+04 
       1.918046664141e-02       2.360884382765e+04 
       1.931059374038e-02       2.358656546456e+04 
       1.944078312302e-02       2.356317569788e+04 
       1.957103591227e-02       2.353870142519e+04 
       1.970135326002e-02       2.351312696930e+04 
       1.983173634767e-02       2.348647939440e+04 
       1.996218638666e-02       2.345881127464e+04 
       2.009270461914e-02       2.343010682150e+04 
       2.022329231848e-02       2.340037380912e+04 
       2.035395078999e-02       2.336964883676e+04 
       2.048468137152e-02       2.333794896736e+04 
       2.061548543416e-02       2.330528162675e+04 
       2.074636438292e-02       2.327165004965e+04 
       2.087731965747e-02       2.323711789673e+04 
       2.100835273284e-02       2.320164196264e+04 
       2.113946512024e-02       2.316528138732e+04 
       2.127065836783e-02       2.312801232623e+04 
       2.140193406151e-02       2.308989631200e+04 
       2.153329382580e-02       2.305090452040e+04 
       2.166473932469e-02       2.301108490132e+04 
       2.179627226252e-02       2.297043090084e+04 
       2.192789438495e-02       2.292898876905e+04 
       2.205960747985e-02       2.288675231193e+04 
       2.219141337836e-02       2.284370268435e+04 
       2.232331395582e-02       2.279988830705e+04 
       2.245531113287e-02       2.275536691458e+04 
       2.258740687651e-02       2.271008584245e+04 
       2.271960320123e-02       2.266405240807e+04 
       2.285190217012e-02       2.261730174983e+04 
       2.298430589608e-02       2.256990756212e+04 
       2.311681654303e-02       2.252181040416e+04 
       2.324943632718e-02       2.247301116663e+04 
       2.338216751830e-02       2.242359103747e+04 
       2.351501244110e-02       2.237352078334e+04 
       2.364797347657e-02       2.232279898918e+04 
       2.378105306343e-02       2.227147605611e+04 
       2.391425369959e-02       2.221952017931e+04 
       2.404757794368e-02       2.216702810405e+04 
       2.418102841660e-02       2.211390377245e+04 
       2.431460780315e-02       2.206024930711e+04 
       2.444831885370e-02       2.200602203024e+04 
       2.458216438590e-02       2.195123697825e+04 
       2.471614728647e-02       2.189595544176e+04 
       2.485027051307e-02       2.184013894411e+04 
       2.498453709612e-02       2.178381114294e+04 
       2.511895014085e-02       2.172698911646e+04 
       2.525351282929e-02       2.166971300559e+04 
       2.538822842235e-02       2.161193156015e+04 
       2.552310026203e-02       2.155371619446e+04 
       2.565813177362e-02       2.149501533957e+04 
       2.579332646804e-02       2.143588336117e+04 
       2.592868794424e-02       2.137636249844e+04 
       2.606421989167e-02       2.131637933188e+04 
       2.619992609283e-02       2.125600719751e+04 
       2.633581042598e-02       2.119525896822e+04 
       2.647187686783e-02       2.113409226998e+04 
       2.660812949642e-02       2.107257207380e+04 
       2.674457249406e-02       2.101066786632e+04 
       2.688121015036e-02       2.094843114502e+04 
       2.701804686547e-02       2.088581812195e+04 
       2.715508715325e-02       2.082292211935e+04 
       2.729233564476e-02       2.075962904970e+04 
       2.742979709174e-02       2.069613514719e+04 
       2.756747637028e-02       2.063224060055e+04 
       2.770537848462e-02       2.056808929566e+04 
       2.784350857104e-02       2.050362734544e+04 
       2.798187190203e-02       2.043894364421e+04 
       2.812047389042e-02       2.037389959474e+04 
       2.825932009390e-02       2.030869220879e+04 
       2.839841621950e-02       2.024317647804e+04 
       2.853776812839e-02       2.017743680090e+04 
       2.867738184083e-02       2.011150806966e+04 
       2.881726354126e-02       2.004526527117e+04 
       2.895741958370e-02       1.997878870939e+04 
       2.909785649727e-02       1.991216394176e+04 
       2.923858099199e-02       1.984531656907e+04 
       2.937959996479e-02       1.977829535156e+04 
       2.952092050579e-02       1.971104951110e+04 
       2.966254990483e-02       1.964364020570e+04 
       2.980449565829e-02       1.957602914731e+04 
       2.994676547616e-02       1.950830334781e+04 
       3.008936728945e-02       1.944043737032e+04 
       3.023230925791e-02       1.937231780688e+04 
       3.037559977807e-02       1.930412666844e+04 
       3.051924749169e-02       1.923580705406e+04 
       3.066326129447e-02       1.916727716052e+04 
       3.080765034526e-02       1.909865677719e+04 
       3.095242407567e-02       1.902992049635e+04 
       3.109759220003e-02       1.896110334385e+04 
       3.124316472590e-02       1.889215334937e+04 
       3.138915196505e-02       1.882308272590e+04 
       3.153556454489e-02       1.875393071345e+04 
       3.168241342056e-02       1.868468570542e+04 
       3.182970988743e-02       1.861533368693e+04 
       3.197746559437e-02       1.854586729822e+04 
       3.212569255756e-02       1.847636975193e+04 
       3.227440317501e-02       1.840685868099e+04 
       3.242361024176e-02       1.833718617402e+04 
       3.257332696594e-02       1.826741101192e+04 
       3.272356698550e-02       1.819767344547e+04 
       3.287434438594e-02       1.812792559450e+04 
       3.302567371882e-02       1.805802400475e+04 
       3.317757002132e-02       1.798808091751e+04 
       3.333004883683e-02       1.791817190737e+04 
       3.348312623654e-02       1.784813238498e+04 
       3.363681884234e-02       1.777810934372e+04 
       3.379114385082e-02       1.770803139910e+04 
       3.394611905866e-02       1.763785248063e+04 
       3.410176288945e-02       1.756774163691e+04 
       3.425809442193e-02       1.749763024742e+04 
       3.441513341993e-02       1.742749489628e+04 
       3.457290036393e-02       1.735722423036e+04 
       3.473141648456e-02       1.728709718201e+04 
       3.489070379794e-02       1.721684586971e+04 
       3.505078514324e-02       1.714662138096e+04 
       3.521168422240e-02       1.707631723074e+04 
       3.537342564231e-02       1.700611952273e+04 
       3.553603495958e-02       1.693579653648e+04 
       3.569953872810e-02       1.686555009244e+04 
       3.586396454957e-02       1.679522923481e+04 
       3.602934112726e-02       1.672495227353e+04 
       3.619569832328e-02       1.665468259780e+04 
       3.636306721956e-02       1.658435464969e+04 
       3.653148018283e-02       1.651410640364e+04 
       3.670097093407e-02       1.644376302117e+04 
       3.687157462257e-02       1.637348533875e+04 
       3.704332790513e-02       1.630315074034e+04 
       3.721626903083e-02       1.623285229594e+04 
       3.739043793173e-02       1.616254731862e+04 
       3.756587632011e-02       1.609221356091e+04 
       3.774262779278e-02       1.602190923405e+04 
       3.792073794309e-02       1.595151282565e+04 
       3.810025448127e-02       1.588119067843e+04 
       3.828122736403e-02       1.581081334866e+04 
       3.846370893394e-02       1.574043998264e+04 
       3.864775406993e-02       1.567002418510e+04 
       3.883342034954e-02       1.559964680807e+04 
       3.902076822436e-02       1.552916961819e+04 
       3.920986120979e-02       1.545872179330e+04 
       3.940076609055e-02       1.538818299667e+04 
       3.959355314357e-02       1.531763529695e+04 
       3.978829637998e-02       1.524703325359e+04 
       3.998507380824e-02       1.517644559893e+04 
       4.018396772057e-02       1.510578508674e+04 
       4.038506500523e-02       1.503505575188e+04 
       4.058845748746e-02       1.496425857324e+04 
       4.079424230222e-02       1.489340231682e+04 
       4.100252230234e-02       1.482245090811e+04 
       4.121340650620e-02       1.475142504227e+04 
       4.142701058943e-02       1.468034059940e+04 
       4.164345742607e-02       1.460914917450e+04 
       4.186287768488e-02       1.453781502709e+04 
       4.208541048803e-02       1.446635626326e+04 
       4.231120413958e-02       1.439478698727e+04 
       4.254041693307e-02       1.432305834308e+04 
       4.277321804840e-02       1.425123526204e+04 
       4.300978854992e-02       1.417917573165e+04 
       4.325032249962e-02       1.410695660219e+04 
       4.349502820141e-02       1.403455592911e+04 
       4.374412959508e-02       1.396191386552e+04 
       4.399786782171e-02       1.388907977779e+04 
       4.425650298608e-02       1.381597924950e+04 
       4.452031614576e-02       1.374263616910e+04 
       4.478961156233e-02       1.366894000372e+04 
       4.506471925618e-02       1.359495902661e+04 
       4.534599791430e-02       1.352063992887e+04 
       4.563383820992e-02       1.344598167979e+04 
       4.592866660404e-02       1.337090607046e+04 
       4.623094971329e-02       1.329540760607e+04 
       4.654119934535e-02       1.321943342637e+04 
       4.685997832470e-02       1.314300332298e+04 
       4.718790725746e-02       1.306596947074e+04 
       4.752567241692e-02       1.298836587485e+04 
       4.787403497189e-02       1.291017550400e+04 
       4.823384183130e-02       1.283120039978e+04 
       4.860603844250e-02       1.275153938441e+04 
       4.899168396210e-02       1.267106492847e+04 
       4.939196932094e-02       1.258965044330e+04 
       4.980823883561e-02       1.250723637249e+04 
       5.024201618554e-02       1.242374565648e+04 
       5.069503578717e-02       1.233901728485e+04 
       5.116928086682e-02       1.225296260467e+04 
       5.166702987802e-02       1.216541162254e+04 
       5.219091334100e-02       1.207614164927e+04 
       5.274398372062e-02       1.198504308084e+04 
       5.332980161107e-02       1.189175839438e+04 
       5.395254225319e-02       1.179599088497e+04 
       5.461712721654e-02       1.169741999794e+04 
       5.532938677767e-02       1.159551478913e+04 
       5.609625875522e-02       1.148967713422e+04 
       5.692602855043e-02       1.137918579049e+04 
       5.782861133934e-02       1.126304118926e+04 
       5.881586782544e-02       1.113995041486e+04 
       5.990192442284e-02       1.100821150785e+04 
       6.110342868763e-02       1.086555150988e+04 
       6.243959996000e-02       1.070890879350e+04 
       6.393182575119e-02       1.053428753635e+04 
       6.560242401434e-02       1.033647181831e+04 
       6.747213182530e-02       1.010918972187e+04 
       6.955611422749e-02       9.845444732616e+03 
       7.185909625905e-02       9.538878672731e+03 
       7.437151270688e-02       9.185781007838e+03 
       7.706925219687e-02       8.787401206525e+03 
       7.991813011127e-02       8.351346066186e+03 
       8.288114796246e-02       7.891063406507e+03 
       8.592492322944e-02       7.423708403757e+03 
       8.902302768798e-02       6.967110032692e+03 
       9.215638468909e-02       6.537187422839e+03 
       9.531206359348e-02       6.146154417094e+03 
       9.848165469983e-02       5.801681197564e+03 
       1.016598312983e-01       5.506860442226e+03 
       1.048432748756e-01       5.260667553863e+03 
       1.080299390324e-01       5.058660027939e+03 
       1.112185696436e-01       4.893901218862e+03 
       1.144084009541e-01       4.757793828906e+03 
       1.175989663755e-01       4.640979101335e+03 
       1.207899818976e-01       4.534143609795e+03 
       1.239812746887e-01       4.428862931253e+03 
       1.271727395321e-01       4.318306475429e+03 
       1.303643123056e-01       4.197775541807e+03 
       1.335559538586e-01       4.064962978352e+03 
       1.367476402158e-01       3.919948188360e+03 
       1.399393566299e-01       3.764878146474e+03 
       1.431310939685e-01       3.603454662528e+03 
       1.463228465218e-01       3.440278773628e+03 
       1.495146106695e-01       3.280196466448e+03 
       1.527063840721e-01       3.127724310392e+03 
       1.558981651777e-01       2.986580201893e+03 
       1.590899529231e-01       2.859391123448e+03 
       1.622817465503e-01       2.747567347149e+03 
       1.654735454953e-01       2.651310106621e+03 
       1.686653493191e-01       2.569713277417e+03 
       1.718571576657e-01       2.500986371167e+03 
       1.750489702358e-01       2.442672515487e+03 
       1.782407867703e-01       2.391945645428e+03 
       1.814326070398e-01       2.346095158070e+03 
       1.846244308376e-01       2.302446539103e+03 
       1.878162579757e-01       2.258060859470e+03 
       1.910080882810e-01       2.210952955279e+03 
       1.941999215937e-01       2.159882288599e+03 
       1.973917577650e-01       2.104401483936e+03 
       2.005835966565e-01       2.044814261938e+03 
       2.037754381389e-01       1.982061410629e+03 
       2.069672820911e-01       1.917480687887e+03 
       2.101591283994e-01       1.852616229007e+03 
       2.133509769571e-01       1.788992396530e+03 
       2.165428276641e-01       1.727996831744e+03 
       2.197346804259e-01       1.670745298657e+03 
       2.229265351536e-01       1.618048931304e+03 
       2.261183917634e-01       1.570380118756e+03 
       2.293102501761e-01       1.527854585256e+03 
       2.325021103170e-01       1.490260262799e+03 
       2.356939721153e-01       1.457074832006e+03 
       2.388858355043e-01       1.427539847215e+03 
       2.420777004204e-01       1.400747226371e+03 
       2.452695668039e-01       1.375729661611e+03 
       2.484614345976e-01       1.351566621129e+03 
       2.516533037477e-01       1.327459425190e+03 
       2.548451742029e-01       1.302785784788e+03 
       2.580370459144e-01       1.277130550044e+03 
       2.612289188359e-01       1.250293905190e+03 
       2.644207929233e-01       1.222288468294e+03 
       2.676126681346e-01       1.193300218825e+03 
       2.708045444300e-01       1.163687801582e+03 
       2.739964217712e-01       1.133905674353e+03 
       2.771883001219e-01       1.104472398112e+03 
       2.803801794475e-01       1.075880011065e+03 
       2.835720597149e-01       1.048568887212e+03 
       2.867639408924e-01       1.022856660300e+03 
       2.899558229498e-01       9.989298322284e+02 
       2.931477058583e-01       9.768460246891e+02 
       2.963395895901e-01       9.565405232164e+02 
       2.995314741189e-01       9.378563224878e+02 
       3.027233594192e-01       9.205657102960e+02 
       3.059152454668e-01       9.043975589763e+02 
       3.091071322384e-01       8.890553304959e+02 
       3.122990197118e-01       8.742387556401e+02 
       3.154909078655e-01       8.596694908952e+02 
       3.186827966789e-01       8.451153638968e+02 
       3.218746861324e-01       8.304101583799e+02 
       3.250665762069e-01       8.154610775272e+02 
       3.282584668844e-01       8.002543222334e+02 
       3.314503581473e-01       7.848427140954e+02 
       3.346422499787e-01       7.693249313615e+02 
       3.378341423625e-01       7.538317063874e+02 
       3.410260352830e-01       7.385048646372e+02 
       3.442179287254e-01       7.234865745174e+02 
       3.474098226751e-01       7.089082307922e+02 
       3.506017171182e-01       6.948811348083e+02 
       3.537936120413e-01       6.814882138204e+02 
       3.569855074315e-01       6.687768701976e+02 
       3.601774032762e-01       6.567574361425e+02 
       3.633692995636e-01       6.453913118093e+02 
       3.665611962819e-01       6.346138039264e+02 
       3.697530934199e-01       6.243276393795e+02 
       3.729449909669e-01       6.144386664109e+02 
       3.761368889123e-01       6.048446142234e+02 
       3.793287872461e-01       5.954587561031e+02 
       3.825206859586e-01       5.862069413098e+02 
       3.857125850401e-01       5.770353058074e+02 
       3.889044844817e-01       5.679009687170e+02 
       3.920963842746e-01       5.587887006390e+02 
       3.952882844101e-01       5.496864812623e+02 
       3.984801848800e-01       5.406186135554e+02 
       4.016720856763e-01       5.316103328574e+02 
       4.048639867912e-01       5.227045132499e+02 
       4.080558882173e-01       5.139498638206e+02 
       4.112477899473e-01       5.053853889980e+02 
       4.144396919741e-01       4.970437506121e+02 
       4.176315942909e-01       4.889493961910e+02 
       4.208234968910e-01       4.811137611498e+02 
       4.240153997681e-01       4.735446871193e+02 
       4.272073029159e-01       4.662356343169e+02 
       4.303992063283e-01       4.591820712073e+02 
       4.335911099996e-01       4.523650659288e+02 
       4.367830139240e-01       4.457672744295e+02 
       4.399749180959e-01       4.393569967024e+02 
       4.431668225101e-01       4.331035489265e+02 
       4.463587271612e-01       4.269738215929e+02 
       4.495506320443e-01       4.209452555264e+02 
       4.527425371544e-01       4.149960263737e+02 
       4.559344424867e-01       4.091121727214e+02 
       4.591263480366e-01       4.032902927163e+02 
       4.623182537995e-01       3.975287113191e+02 
       4.655101597711e-01       3.918289785829e+02 
       4.687020659470e-01       3.861954930945e+02 
       4.718939723232e-01       3.806375864267e+02 
       4.750858788955e-01       3.751639602425e+02 
       4.782777856601e-01       3.697918523783e+02 
       4.814696926130e-01       3.645324868994e+02 
       4.846615997506e-01       3.593987396021e+02 
       4.878535070693e-01       3.543990443885e+02 
       4.910454145653e-01       3.495317175394e+02 
       4.942373222355e-01       3.447941039021e+02 
       4.974292300762e-01       3.401782694173e+02 
       5.006211380844e-01       3.356767875071e+02 
       5.038130462568e-01       3.312769827968e+02 
       5.070049545902e-01       3.269724701340e+02 
       5.101968630818e-01       3.227537760140e+02 
       5.133887717284e-01       3.186089091380e+02 
       5.165806805272e-01       3.145307175085e+02 
       5.197725894754e-01       3.105104975344e+02 
       5.229644985703e-01       3.065414321426e+02 
       5.261564078092e-01       3.026227981178e+02 
       5.493006714912e-01       2.759013520411e+02 
       5.748293734950e-01       2.503361746841e+02 
       6.034094603253e-01       2.255456862733e+02 
       6.360372816874e-01       2.011340220503e+02 
       6.742825376094e-01       1.770752477640e+02 
       7.207859488374e-01       1.528941453586e+02 
       7.803584495328e-01       1.281779605999e+02 
       8.625692852268e-01       1.023890377447e+02 
       9.874898147081e-01       7.531660189574e+01 
       1.190125641979e+00       4.897263981814e+01 
       1.488666753504e+00       2.895525938459e+01 
       1.873761566949e+00       1.670871097535e+01 
       2.358923229590e+00       9.552967916936e+00 
       2.969708394530e+00       5.418201632757e+00 
       3.738641363491e+00       3.050912720090e+00 
       4.706670618084e+00       1.706650186883e+00 
       5.925347246051e+00       9.489865636720e-01 
       7.459570221758e+00       5.247920890549e-01 
       9.391042513235e+00       2.887530418403e-01 
       1.182262206315e+01       1.581420547538e-01 
       1.488379934934e+01       8.623836133572e-02 
       1.873759322493e+01       4.683854406668e-02 
       2.358923226672e+01       2.534316679925e-02 
       2.969708394529e+01       1.366299348563e-02 
       3.738641363491e+01       7.339860381470e-03 
