# Matter power spectrum P(k) at redshift z=0
# for k=1.0511e-05 to 35.6688 h/Mpc,
# number of wavenumbers equal to 553
#    1:k (h/Mpc)              2:P (Mpc/h)^3        
       1.051102208999e-05       4.804227529920e+01 
       2.342178285704e-05       1.041331692197e+02 
       3.637825575885e-05       1.592964789786e+02 
       4.941546349818e-05       2.141050213546e+02 
       6.256901159191e-05       2.688886957028e+02 
       7.587540732099e-05       3.238970178046e+02 
       8.937238893589e-05       3.793448458048e+02 
       1.030992695142e-04       4.354311614343e+02 
       1.170972999006e-04       4.923487553483e+02 
       1.314100551934e-04       5.502901218518e+02 
       1.460838492465e-04       6.094515933498e+02 
       1.611681815930e-04       6.700365825188e+02 
       1.767162210115e-04       7.322583717805e+02 
       1.927853295719e-04       7.963426836628e+02 
       2.094376303177e-04       8.625301548448e+02 
       2.267406206285e-04       9.310787944702e+02 
       2.447678315867e-04       1.002266459149e+03 
       2.635995311195e-04       1.076393349419e+03 
       2.833234650215e-04       1.153784524034e+03 
       3.040356248457e-04       1.234792365942e+03 
       3.258410246881e-04       1.319798963899e+03 
       3.488544596783e-04       1.409218214443e+03 
       3.732012071345e-04       1.503497584151e+03 
       3.990176165985e-04       1.603119212159e+03 
       4.264515173816e-04       1.708600133718e+03 
       4.556623523925e-04       1.820491242947e+03 
       4.868209263418e-04       1.939374548874e+03 
       5.201086375977e-04       2.065858311843e+03 
       5.557160503217e-04       2.200569472265e+03 
       5.938406631387e-04       2.344142970088e+03 
       6.346837501330e-04       2.497207588156e+03 
       6.784461974883e-04       2.660368137426e+03 
       7.253233410018e-04       2.834184259076e+03 
       7.754989273062e-04       3.019146519998e+03 
       8.291384673537e-04       3.215651011518e+03 
       8.863824050316e-04       3.423974310294e+03 
       9.473396553858e-04       3.644250997719e+03 
       1.012082138005e-03       3.876456169105e+03 
       1.080640908157e-03       4.120395191062e+03 
       1.153004355662e-03       4.375702299136e+03 
       1.229118712074e-03       4.641848589611e+03 
       1.308890822810e-03       4.918159095783e+03 
       1.392192863160e-03       5.203805168706e+03 
       1.478868465167e-03       5.497915075927e+03 
       1.568739615108e-03       5.799546256386e+03 
       1.661613686729e-03       6.107714269526e+03 
       1.757290072721e-03       6.421429934444e+03 
       1.855566028413e-03       6.739722532261e+03 
       1.956241507295e-03       7.061658317032e+03 
       2.059122916347e-03       7.386354331069e+03 
       2.164025832448e-03       7.712987408673e+03 
       2.270776794382e-03       8.040799979817e+03 
       2.379214321996e-03       8.369101687801e+03 
       2.489189323427e-03       8.697269303938e+03 
       2.600565042222e-03       9.024744335180e+03 
       2.713216676967e-03       9.351028898990e+03 
       2.827030782722e-03       9.675683759325e+03 
       2.941904540182e-03       9.998320651526e+03 
       3.057744957399e-03       1.031859974614e+04 
       3.174468051016e-03       1.063622544827e+04 
       3.291998039594e-03       1.095093901881e+04 
       3.410266570468e-03       1.126251915653e+04 
       3.529211993222e-03       1.157077073218e+04 
       3.648778686834e-03       1.187553054301e+04 
       3.768916443255e-03       1.217665909422e+04 
       3.889579907309e-03       1.247403642277e+04 
       4.010728070916e-03       1.276756376817e+04 
       4.132323818509e-03       1.305715774236e+04 
       4.254333519877e-03       1.334275237596e+04 
       4.376726666426e-03       1.362429116470e+04 
       4.499475546801e-03       1.390173276657e+04 
       4.622554957963e-03       1.417504406351e+04 
       4.745941948031e-03       1.444420197793e+04 
       4.869615587463e-03       1.470918171596e+04 
       4.993556765459e-03       1.496998203465e+04 
       5.117748008760e-03       1.522661544042e+04 
       5.242173320291e-03       1.542331553556e+04 
       5.366818035404e-03       1.566941808720e+04 
       5.491668693673e-03       1.591132387057e+04 
       5.616712924483e-03       1.614906288935e+04 
       5.741939344806e-03       1.638265600301e+04 
       5.867337467786e-03       1.661211814783e+04 
       5.992897620883e-03       1.683747650251e+04 
       6.118610872508e-03       1.705876158693e+04 
       6.244468966175e-03       1.727599797686e+04 
       6.370464261337e-03       1.748921274475e+04 
       6.496589680157e-03       1.769844220016e+04 
       6.622838659567e-03       1.790371156206e+04 
       6.749205108029e-03       1.810506203098e+04 
       6.875683366486e-03       1.830252940843e+04 
       7.002268173062e-03       1.849614161445e+04 
       7.128954631110e-03       1.868593665890e+04 
       7.255738180252e-03       1.887195603678e+04 
       7.382614570095e-03       1.905422550219e+04 
       7.509579836364e-03       1.923278706460e+04 
       7.636630279182e-03       1.940769112991e+04 
       7.763762443307e-03       1.957896325447e+04 
       7.890973100101e-03       1.974663869479e+04 
       8.018259231086e-03       1.991076099392e+04 
       8.145618012916e-03       2.007136751415e+04 
       8.273046803636e-03       2.022848362723e+04 
       8.400543130101e-03       2.038216748366e+04 
       8.528104676445e-03       2.053245213609e+04 
       8.655729273508e-03       2.067937032780e+04 
       8.783414889121e-03       2.082295787451e+04 
       8.911159619189e-03       2.096324952708e+04 
       9.038961679473e-03       2.110029353900e+04 
       9.166819398039e-03       2.123411759885e+04 
       9.294731208290e-03       2.136476217395e+04 
       9.422695642545e-03       2.149226132143e+04 
       9.550711326111e-03       2.161665163317e+04 
       9.678776971809e-03       2.173796679636e+04 
       9.806891374911e-03       2.185624750469e+04 
       9.935053408464e-03       2.197151639364e+04 
       1.006326201895e-02       2.208381802556e+04 
       1.019151622229e-02       2.219318576383e+04 
       1.031981510010e-02       2.229965091863e+04 
       1.044815779627e-02       2.240323999380e+04 
       1.057654351376e-02       2.250400657022e+04 
       1.070497151160e-02       2.260195821403e+04 
       1.083344110218e-02       2.269714630390e+04 
       1.096195164868e-02       2.278960446964e+04 
       1.109050256265e-02       2.287935351179e+04 
       1.121909330186e-02       2.296643555934e+04 
       1.134772336819e-02       2.305087544802e+04 
       1.147639230576e-02       2.313270445588e+04 
       1.160509969911e-02       2.321195882677e+04 
       1.173384517159e-02       2.328866863716e+04 
       1.186262838380e-02       2.336286828237e+04 
       1.199144903213e-02       2.343457859942e+04 
       1.212030684748e-02       2.350384088102e+04 
       1.224920159401e-02       2.357067969109e+04 
       1.237813306797e-02       2.363512322505e+04 
       1.250710109662e-02       2.369719910047e+04 
       1.263610553730e-02       2.375695295962e+04 
       1.276514627643e-02       2.381439210503e+04 
       1.289422322873e-02       2.386956363356e+04 
       1.302333633636e-02       2.392247804725e+04 
       1.315248556824e-02       2.397319192805e+04 
       1.328167091937e-02       2.402170068721e+04 
       1.341089241015e-02       2.406804506941e+04 
       1.354015008588e-02       2.411226408217e+04 
       1.366944401620e-02       2.415437154247e+04 
       1.379877429459e-02       2.419440407021e+04 
       1.392814103794e-02       2.423236703044e+04 
       1.405754438616e-02       2.426830399213e+04 
       1.418698450179e-02       2.430224382686e+04 
       1.431646156971e-02       2.433418887518e+04 
       1.444597579679e-02       2.436419450206e+04 
       1.457552741167e-02       2.439226101265e+04 
       1.470511666449e-02       2.441842362949e+04 
       1.483474382673e-02       2.444271114233e+04 
       1.496440919098e-02       2.446514815819e+04 
       1.509411307087e-02       2.448574228399e+04 
       1.522385580084e-02       2.450453838504e+04 
       1.535363773614e-02       2.452154639436e+04 
       1.548345925271e-02       2.453679557263e+04 
       1.561332074712e-02       2.455030725688e+04 
       1.574322263656e-02       2.456209917887e+04 
       1.587316535885e-02       2.457221378980e+04 
       1.600314937241e-02       2.458065799460e+04 
       1.613317515632e-02       2.458744661751e+04 
       1.626324321038e-02       2.459260900566e+04 
       1.639335405517e-02       2.459617653625e+04 
       1.652350823215e-02       2.459816484681e+04 
       1.665370630376e-02       2.459858582430e+04 
       1.678394885358e-02       2.459747567025e+04 
       1.691423648644e-02       2.459485945045e+04 
       1.704456982858e-02       2.459074011726e+04 
       1.717494952790e-02       2.458513772468e+04 
       1.730537625406e-02       2.457808111847e+04 
       1.743585069878e-02       2.456961371591e+04 
       1.756637357603e-02       2.455973999705e+04 
       1.769694562230e-02       2.454845103175e+04 
       1.782756759684e-02       2.453580772695e+04 
       1.795824028197e-02       2.452180910961e+04 
       1.808896448337e-02       2.450647408445e+04 
       1.821974103040e-02       2.448982312774e+04 
       1.835057077643e-02       2.447190266521e+04 
       1.848145459918e-02       2.445269186025e+04 
       1.861239340110e-02       2.443222578844e+04 
       1.874338810975e-02       2.441054411958e+04 
       1.887443967821e-02       2.438763020820e+04 
       1.900554908548e-02       2.436352638506e+04 
       1.913671733692e-02       2.433825106681e+04 
       1.926794546471e-02       2.431181820060e+04 
       1.939923452833e-02       2.428424808787e+04 
       1.953058561501e-02       2.425550958260e+04 
       1.966199984028e-02       2.422572729851e+04 
       1.979347834849e-02       2.419484631860e+04 
       1.992502231330e-02       2.416290186121e+04 
       2.005663293834e-02       2.412989786758e+04 
       2.018831145770e-02       2.409587047778e+04 
       2.032005913660e-02       2.406080978707e+04 
       2.045187727199e-02       2.402477735647e+04 
       2.058376719317e-02       2.398773781582e+04 
       2.071573026250e-02       2.394977847223e+04 
       2.084776787608e-02       2.391084345640e+04 
       2.097988146442e-02       2.387098697019e+04 
       2.111207249324e-02       2.383021621064e+04 
       2.124434246417e-02       2.378857760952e+04 
       2.137669291557e-02       2.374602156772e+04 
       2.150912542331e-02       2.370260343097e+04 
       2.164164160163e-02       2.365837922609e+04 
       2.177424310397e-02       2.361331797799e+04 
       2.190693162388e-02       2.356740668476e+04 
       2.203970889593e-02       2.352072289586e+04 
       2.217257669664e-02       2.347327818428e+04 
       2.230553684544e-02       2.342500065176e+04 
       2.243859120573e-02       2.337602544639e+04 
       2.257174168583e-02       2.332630345968e+04 
       2.270499024014e-02       2.327581269934e+04 
       2.283833887015e-02       2.322467148444e+04 
       2.297178962562e-02       2.317280434178e+04 
       2.310534460576e-02       2.312024396915e+04 
       2.323900596042e-02       2.306707853046e+04 
       2.337277589130e-02       2.301318838812e+04 
       2.350665665329e-02       2.295864226402e+04 
       2.364065055577e-02       2.290356003091e+04 
       2.377475996398e-02       2.284784660480e+04 
       2.390898730039e-02       2.279152477561e+04 
       2.404333504622e-02       2.273457847866e+04 
       2.417780574290e-02       2.267713254044e+04 
       2.431240199361e-02       2.261909555222e+04 
       2.444712646491e-02       2.256047847794e+04 
       2.458198188836e-02       2.250141050138e+04 
       2.471697106224e-02       2.244175244881e+04 
       2.485209685330e-02       2.238158716855e+04 
       2.498736219860e-02       2.232095617921e+04 
       2.512277010735e-02       2.225979403138e+04 
       2.525832366286e-02       2.219823622759e+04 
       2.539402602457e-02       2.213617011581e+04 
       2.552988043007e-02       2.207368148753e+04 
       2.566589019731e-02       2.201075796811e+04 
       2.580205872672e-02       2.194735912079e+04 
       2.593838950358e-02       2.188362086306e+04 
       2.607488610034e-02       2.181949055461e+04 
       2.621155217909e-02       2.175489365537e+04 
       2.634839149406e-02       2.168996307883e+04 
       2.648540789428e-02       2.162458157346e+04 
       2.662260532625e-02       2.155901420277e+04 
       2.675998783677e-02       2.149300490194e+04 
       2.689755957586e-02       2.142667685719e+04 
       2.703532479973e-02       2.136001199338e+04 
       2.717328787393e-02       2.129305818180e+04 
       2.731145327656e-02       2.122576997346e+04 
       2.744982560166e-02       2.115818918435e+04 
       2.758840956262e-02       2.109034594925e+04 
       2.772720999581e-02       2.102218593541e+04 
       2.786623186435e-02       2.095381755916e+04 
       2.800548026190e-02       2.088516237342e+04 
       2.814496041677e-02       2.081624603288e+04 
       2.828467769602e-02       2.074712558579e+04 
       2.842463760984e-02       2.067778058969e+04 
       2.856484581604e-02       2.060817827495e+04 
       2.870530812471e-02       2.053834765430e+04 
       2.884603050308e-02       2.046840441242e+04 
       2.898701908058e-02       2.039820424838e+04 
       2.912828015410e-02       2.032782783158e+04 
       2.926982019343e-02       2.025728578586e+04 
       2.941164584696e-02       2.018655244640e+04 
       2.955376394758e-02       2.011564076538e+04 
       2.969618151885e-02       2.004463622977e+04 
       2.983890578141e-02       1.997344950816e+04 
       2.998194415965e-02       1.990208580091e+04 
       3.012530428871e-02       1.983064768582e+04 
       3.026899402167e-02       1.975909884700e+04 
       3.041302143720e-02       1.968738717300e+04 
       3.055739484738e-02       1.961549814934e+04 
       3.070212280602e-02       1.954360663178e+04 
       3.084721411720e-02       1.947162057400e+04 
       3.099267784427e-02       1.939949617919e+04 
       3.113852331927e-02       1.932732507664e+04 
       3.128476015271e-02       1.925501281587e+04 
       3.143139824383e-02       1.918268530417e+04 
       3.157844779137e-02       1.911030259456e+04 
       3.172591930474e-02       1.903775520891e+04 
       3.187382361584e-02       1.896523660124e+04 
       3.202217189132e-02       1.889266841064e+04 
       3.217097564552e-02       1.882003030246e+04 
       3.232024675398e-02       1.874733565701e+04 
       3.246999746762e-02       1.867468696146e+04 
       3.262024042762e-02       1.860188027964e+04 
       3.277098868105e-02       1.852915233424e+04 
       3.292225569725e-02       1.845632827573e+04 
       3.307405538508e-02       1.838353105124e+04 
       3.322640211105e-02       1.831072328485e+04 
       3.337931071835e-02       1.823788510959e+04 
       3.353279654688e-02       1.816501692783e+04 
       3.368687545439e-02       1.809220194454e+04 
       3.384156383872e-02       1.801939058545e+04 
       3.399687866116e-02       1.794658882569e+04 
       3.415283747124e-02       1.787372323675e+04 
       3.430945843274e-02       1.780094883480e+04 
       3.446676035122e-02       1.772816862758e+04 
       3.462476270309e-02       1.765531781832e+04 
       3.478348566635e-02       1.758264888578e+04 
       3.494295015302e-02       1.750985991303e+04 
       3.510317784359e-02       1.743715554946e+04 
       3.526419122337e-02       1.736443860245e+04 
       3.542601362109e-02       1.729180549757e+04 
       3.558866924979e-02       1.721922545957e+04 
       3.575218325023e-02       1.714658703070e+04 
       3.591658173691e-02       1.707405032107e+04 
       3.608189184709e-02       1.700153834194e+04 
       3.624814179278e-02       1.692907054534e+04 
       3.641536091613e-02       1.685662069834e+04 
       3.658357974843e-02       1.678424623325e+04 
       3.675283007289e-02       1.671187832951e+04 
       3.692314499172e-02       1.663950994626e+04 
       3.709455899762e-02       1.656725287466e+04 
       3.726710805022e-02       1.649500444869e+04 
       3.744082965778e-02       1.642279072020e+04 
       3.761576296460e-02       1.635064707715e+04 
       3.779194884472e-02       1.627854532126e+04 
       3.796943000224e-02       1.620641830365e+04 
       3.814825107908e-02       1.613436212160e+04 
       3.832845877070e-02       1.606235043402e+04 
       3.851010195048e-02       1.599036547716e+04 
       3.869323180364e-02       1.591837309501e+04 
       3.887790197145e-02       1.584647317907e+04 
       3.906416870685e-02       1.577459823866e+04 
       3.925209104243e-02       1.570273777826e+04 
       3.944173097202e-02       1.563088122596e+04 
       3.963315364720e-02       1.555906161486e+04 
       3.982642759026e-02       1.548725400027e+04 
       4.002162492520e-02       1.541552331349e+04 
       4.021882162868e-02       1.534369679763e+04 
       4.041809780296e-02       1.527195319000e+04 
       4.061953797320e-02       1.520011489551e+04 
       4.082323141168e-02       1.512835669648e+04 
       4.102927249197e-02       1.505662229211e+04 
       4.123776107633e-02       1.498482956974e+04 
       4.144880294017e-02       1.491298349777e+04 
       4.166251023775e-02       1.484111763569e+04 
       4.187900201404e-02       1.476924539443e+04 
       4.209840476834e-02       1.469730830964e+04 
       4.232085307578e-02       1.462533248027e+04 
       4.254649027404e-02       1.455328692722e+04 
       4.277546922361e-02       1.448113983479e+04 
       4.300795315085e-02       1.440898044174e+04 
       4.324411658503e-02       1.433671268233e+04 
       4.348414640187e-02       1.426432849942e+04 
       4.372824298814e-02       1.419183460516e+04 
       4.397662154441e-02       1.411921984168e+04 
       4.422951354569e-02       1.404647023435e+04 
       4.448716838297e-02       1.397355086539e+04 
       4.474985521283e-02       1.390044408838e+04 
       4.501786504690e-02       1.382718584693e+04 
       4.529151311863e-02       1.375374151309e+04 
       4.557114157182e-02       1.368001274113e+04 
       4.585712252354e-02       1.360608633290e+04 
       4.614986156445e-02       1.353187516827e+04 
       4.644980177142e-02       1.345733714994e+04 
       4.675742832292e-02       1.338249284662e+04 
       4.707327382599e-02       1.330736957677e+04 
       4.739792448641e-02       1.323173946649e+04 
       4.773202728252e-02       1.315579695172e+04 
       4.807629833794e-02       1.307937511029e+04 
       4.843153273332e-02       1.300241126030e+04 
       4.879861605221e-02       1.292490129608e+04 
       4.917853802646e-02       1.284681046306e+04 
       4.957240873490e-02       1.276806680358e+04 
       4.998147792124e-02       1.268860699636e+04 
       5.040715814008e-02       1.260831914945e+04 
       5.085105262181e-02       1.252718070670e+04 
       5.131498897901e-02       1.244501689965e+04 
       5.180106017248e-02       1.236178566556e+04 
       5.231167452893e-02       1.227730225926e+04 
       5.284961707213e-02       1.219146707212e+04 
       5.341812500938e-02       1.210404399830e+04 
       5.402098091084e-02       1.201477785005e+04 
       5.466262790909e-02       1.192346507176e+04 
       5.534831204970e-02       1.182970846422e+04 
       5.608425752947e-02       1.173306208554e+04 
       5.687788049610e-02       1.163295151677e+04 
       5.773804536876e-02       1.152865243506e+04 
       5.867536233423e-02       1.141921011487e+04 
       5.970251215739e-02       1.130324507906e+04 
       6.083455841692e-02       1.117900345259e+04 
       6.208915802806e-02       1.104406687748e+04 
       6.348649700611e-02       1.089513093049e+04 
       6.504865679221e-02       1.072769621936e+04 
       6.679799245051e-02       1.053599782640e+04 
       6.875410868586e-02       1.031299150852e+04 
       7.092941799323e-02       1.005102324979e+04 
       7.332429019170e-02       9.743445336045e+03 
       7.592408077534e-02       9.387045258132e+03 
       7.870044230194e-02       8.984485836837e+03 
       8.161711294498e-02       8.545488788725e+03 
       8.463735980510e-02       8.085714954277e+03 
       8.772957588221e-02       7.624081368007e+03 
       9.086957171254e-02       7.179391172719e+03 
       9.404028933130e-02       6.767653186192e+03 
       9.723034415055e-02       6.400435548850e+03 
       1.004324054962e-01       6.084195068023e+03 
       1.036418592181e-01       5.820573608537e+03 
       1.068558419078e-01       5.606980826476e+03 
       1.100725920162e-01       5.437488091061e+03 
       1.132910315342e-01       5.303801740331e+03 
       1.165105027915e-01       5.196128938481e+03 
       1.197306052380e-01       5.104105436166e+03 
       1.229510951060e-01       5.017682690479e+03 
       1.261718240502e-01       4.927998447129e+03 
       1.293927017417e-01       4.828186235628e+03 
       1.326136731085e-01       4.713923834669e+03 
       1.358347045015e-01       4.583669225927e+03 
       1.390557752931e-01       4.438615558317e+03 
       1.422768727741e-01       4.282165295708e+03 
       1.454979890557e-01       4.119268710021e+03 
       1.487191191885e-01       3.955603803103e+03 
       1.519402600196e-01       3.796786355886e+03 
       1.551614094975e-01       3.647755287085e+03 
       1.583825662503e-01       3.512299230761e+03 
       1.616037293276e-01       3.392832466517e+03 
       1.648248980442e-01       3.290340614335e+03 
       1.680460718832e-01       3.204461668003e+03 
       1.712672504379e-01       3.133705025289e+03 
       1.744884333746e-01       3.075671408820e+03 
       1.777096204102e-01       3.027362191683e+03 
       1.809308112980e-01       2.985459053250e+03 
       1.841520058183e-01       2.947007262549e+03 
       1.873732037725e-01       2.908932277405e+03 
       1.905944049792e-01       2.868195170665e+03 
       1.938156092715e-01       2.822898374599e+03 
       1.970368164945e-01       2.772025269279e+03 
       2.002580265045e-01       2.715507545383e+03 
       2.034792391672e-01       2.654119525423e+03 
       2.067004543571e-01       2.589264821307e+03 
       2.099216719568e-01       2.522742149580e+03 
       2.131428918560e-01       2.456428185573e+03 
       2.163641139512e-01       2.392081014702e+03 
       2.195853381448e-01       2.331173068165e+03 
       2.228065643453e-01       2.274810675632e+03 
       2.260277924661e-01       2.223713703543e+03 
       2.292490224258e-01       2.178179101312e+03 
       2.324702541474e-01       2.138133534469e+03 
       2.356914875581e-01       2.103146827514e+03 
       2.389127225892e-01       2.072490006829e+03 
       2.421339591755e-01       2.045212236782e+03 
       2.453551972554e-01       2.020236335159e+03 
       2.485764367705e-01       1.996481387045e+03 
       2.517976776653e-01       1.972957707717e+03 
       2.550189198873e-01       1.948858349552e+03 
       2.582401633864e-01       1.923611798660e+03 
       2.614614081151e-01       1.896891064689e+03 
       2.646826540284e-01       1.868636213224e+03 
       2.679039010831e-01       1.838995839993e+03 
       2.711251492385e-01       1.808301349895e+03 
       2.743463984554e-01       1.777051603187e+03 
       2.775676486968e-01       1.745809855377e+03 
       2.807888999271e-01       1.715160150122e+03 
       2.840101521125e-01       1.685643371605e+03 
       2.872314052207e-01       1.657681775947e+03 
       2.904526592209e-01       1.631560223404e+03 
       2.936739140835e-01       1.607403189623e+03 
       2.968951697803e-01       1.585184648558e+03 
       3.001164262843e-01       1.564758997378e+03 
       3.033376835696e-01       1.545893674849e+03 
       3.065589416115e-01       1.528298041656e+03 
       3.097802003863e-01       1.511654027322e+03 
       3.130014598712e-01       1.495637539677e+03 
       3.162227200444e-01       1.479939089251e+03 
       3.194439808850e-01       1.464290910306e+03 
       3.226652423729e-01       1.448482708616e+03 
       3.258865044887e-01       1.432382305519e+03 
       3.291077672141e-01       1.415943408130e+03 
       3.323290305311e-01       1.399201550431e+03 
       3.355502944227e-01       1.382254565895e+03 
       3.387715588723e-01       1.365245567882e+03 
       3.419928238642e-01       1.348335325806e+03 
       3.452140893831e-01       1.331678278675e+03 
       3.484353554143e-01       1.315427598796e+03 
       3.516566219436e-01       1.299701748499e+03 
       3.548778889575e-01       1.284598388016e+03 
       3.580991564427e-01       1.270175466105e+03 
       3.613204243867e-01       1.256457248939e+03 
       3.645416927772e-01       1.243423283653e+03 
       3.677629616025e-01       1.231019437130e+03 
       3.709842308511e-01       1.219152749267e+03 
       3.742055005121e-01       1.207717610852e+03 
       3.774267705749e-01       1.196606743740e+03 
       3.806480410292e-01       1.185720182044e+03 
       3.838693118652e-01       1.174976788440e+03 
       3.870905830732e-01       1.164317137871e+03 
       3.903118546440e-01       1.153699909594e+03 
       3.935331265687e-01       1.143104063593e+03 
       3.967543988387e-01       1.132524075480e+03 
       3.999756714455e-01       1.121970511135e+03 
       4.031969443810e-01       1.111470138489e+03 
       4.064182176374e-01       1.101061217706e+03 
       4.096394912071e-01       1.090788539855e+03 
       4.128607650828e-01       1.080699157184e+03 
       4.160820392572e-01       1.070829446238e+03 
       4.193033137235e-01       1.061205221109e+03 
       4.225245884750e-01       1.051844850408e+03 
       4.257458635052e-01       1.042747764670e+03 
       4.289671388078e-01       1.033911614502e+03 
       4.321884143767e-01       1.025326840576e+03 
       4.354096902059e-01       1.016979220157e+03 
       4.386309662897e-01       1.008848895845e+03 
       4.418522426224e-01       1.000915416737e+03 
       4.450735191988e-01       9.931502992880e+02 
       4.482947960134e-01       9.855235390262e+02 
       4.515160730612e-01       9.780071448967e+02 
       4.547373503373e-01       9.705822991330e+02 
       4.579586278367e-01       9.632303453562e+02 
       4.611799055548e-01       9.559473278539e+02 
       4.644011834870e-01       9.487312577058e+02 
       4.676224616288e-01       9.415864760861e+02 
       4.708437399761e-01       9.345160221351e+02 
       4.740650185245e-01       9.275290185433e+02 
       4.772862972699e-01       9.206300518806e+02 
       4.805075762084e-01       9.138336246934e+02 
       4.837288553362e-01       9.071478018720e+02 
       4.869501346494e-01       9.005834471546e+02 
       4.901714141444e-01       8.941503083738e+02 
       4.933926938176e-01       8.878514028690e+02 
       4.966139736656e-01       8.816849570220e+02 
       4.998352536849e-01       8.756446541472e+02 
       5.030565338722e-01       8.697206791967e+02 
       5.062778142244e-01       8.639028426470e+02 
       5.094990947382e-01       8.581825665955e+02 
       5.127203754107e-01       8.525503237072e+02 
       5.159416562388e-01       8.469989457467e+02 
       5.191629372197e-01       8.415211249374e+02 
       5.223842183505e-01       8.361107016796e+02 
       5.256054996284e-01       8.307628848562e+02 
       5.484526873892e-01       7.945511162800e+02 
       5.735761940866e-01       7.586520260060e+02 
       6.015905059203e-01       7.227694648658e+02 
       6.334032184642e-01       6.861570856928e+02 
       6.704242881714e-01       6.484299898129e+02 
       7.149850181167e-01       6.085274467627e+02 
       7.712457135224e-01       5.650216503956e+02 
       8.473089250009e-01       5.154615546938e+02 
       9.601064238484e-01       4.559501160068e+02 
       1.142016608779e+00       3.827790230809e+02 
       1.420747711549e+00       3.025793399603e+02 
       1.787684671034e+00       2.298162159303e+02 
       2.250550833871e+00       1.682608394976e+02 
       2.833275612717e+00       1.185855165228e+02 
       3.566882667461e+00       8.067650250939e+01 
       4.490439230954e+00       5.324032331701e+01 
       5.653128057966e+00       3.426135781436e+01 
       7.116866568300e+00       2.160805456071e+01 
       8.959604175181e+00       1.341490149231e+01 
       1.127947337575e+01       8.228341872803e+00 
       1.420001566439e+01       5.001089676139e+00 
       1.787676056778e+01       3.018818675324e+00 
       2.250550815933e+01       1.812959509069e+00 
       2.833275612713e+01       1.084651610242e+00 
       3.566882667461e+01       6.471004382070e-01 
