# Matter power spectrum P(k) at redshift z=0
# for k=1.05078e-05 to 36.5429 h/Mpc,
# number of wavenumbers equal to 554
#    1:k (h/Mpc)              2:P (Mpc/h)^3        
       1.050775698497e-05       4.655516791880e+01 
       2.336265735512e-05       1.006941049695e+02 
       3.626279214505e-05       1.539388335237e+02 
       4.924273030251e-05       2.068397162804e+02 
       6.233761209929e-05       2.597136321658e+02 
       7.558346120605e-05       3.128000724733e+02 
       8.901750673184e-05       3.663050915576e+02 
       1.026785194946e-04       4.204193702191e+02 
       1.166071668215e-04       4.753275254156e+02 
       1.308463902122e-04       5.312137660295e+02 
       1.454418102036e-04       5.882658560551e+02 
       1.604421627175e-04       6.466782110362e+02 
       1.758997709988e-04       7.066545644792e+02 
       1.918710568907e-04       7.684104096152e+02 
       2.084170945494e-04       8.321753563046e+02 
       2.256042086492e-04       8.981954713685e+02 
       2.435046174996e-04       9.667356197826e+02 
       2.621971190796e-04       1.038081854008e+03 
       2.817678145209e-04       1.112543792844e+03 
       3.023108587233e-04       1.190456994947e+03 
       3.239292211848e-04       1.272185208189e+03 
       3.467354313868e-04       1.358122438118e+03 
       3.708522718154e-04       1.448694642421e+03 
       3.964133676654e-04       1.544360873876e+03 
       4.235636054818e-04       1.645613600952e+03 
       4.524592939361e-04       1.752977860159e+03 
       4.832679599142e-04       1.867008880898e+03 
       5.161676545534e-04       1.988287708986e+03 
       5.513456307909e-04       2.117414361079e+03 
       5.889962520424e-04       2.254998066131e+03 
       6.293180080388e-04       2.401644237058e+03 
       6.725095563975e-04       2.557938019324e+03 
       7.187647836511e-04       2.724424563784e+03 
       7.682669892367e-04       2.901586605598e+03 
       8.211824343049e-04       3.089820479494e+03 
       8.776536469331e-04       3.289412152962e+03 
       9.377930076596e-04       3.500515399116e+03 
       1.001677218236e-03       3.723134299768e+03 
       1.069343248607e-03       3.957112344260e+03 
       1.140786244219e-03       4.202129665813e+03 
       1.215959665816e-03       4.457709141051e+03 
       1.294777663727e-03       4.723231200076e+03 
       1.377119414891e-03       4.997912074545e+03 
       1.462834932326e-03       5.280956392027e+03 
       1.551751734806e-03       5.571465589429e+03 
       1.643681752040e-03       5.868504378729e+03 
       1.738427921699e-03       6.171128014145e+03 
       1.835790074825e-03       6.478405011288e+03 
       1.935569866455e-03       6.789435566269e+03 
       2.037574656652e-03       7.103365539490e+03 
       2.141620363858e-03       7.419395847364e+03 
       2.247533390753e-03       7.736788821235e+03 
       2.355151765031e-03       8.054869941307e+03 
       2.464325651214e-03       8.373028517577e+03 
       2.574917383831e-03       8.690716419611e+03 
       2.686801155223e-03       9.007443243161e+03 
       2.799862469112e-03       9.322774727612e+03 
       2.913997448298e-03       9.636326605746e+03 
       3.029112063783e-03       9.947761414377e+03 
       3.145121334621e-03       1.025678506400e+04 
       3.261948533107e-03       1.056313845162e+04 
       3.379524418434e-03       1.086659962482e+04 
       3.497786513285e-03       1.116697334454e+04 
       3.616678431470e-03       1.146409405970e+04 
       3.736149260204e-03       1.175781913902e+04 
       3.856152997522e-03       1.204802731145e+04 
       3.976648043300e-03       1.233461615358e+04 
       4.097596741068e-03       1.261750020636e+04 
       4.218964967093e-03       1.289660935820e+04 
       4.340721762865e-03       1.317188385702e+04 
       4.462839007065e-03       1.344327876186e+04 
       4.585291123149e-03       1.371075705280e+04 
       4.708054818912e-03       1.397429007810e+04 
       4.831108854627e-03       1.423385991879e+04 
       4.954433836643e-03       1.448944296813e+04 
       5.078012033610e-03       1.468937549394e+04 
       5.201827212786e-03       1.493489596157e+04 
       5.325864494148e-03       1.517642972206e+04 
       5.450110220266e-03       1.541395519755e+04 
       5.574551840146e-03       1.564749803114e+04 
       5.699177805439e-03       1.587707432436e+04 
       5.823977477605e-03       1.610269688164e+04 
       5.948941044786e-03       1.632438813899e+04 
       6.074059447287e-03       1.654217702233e+04 
       6.199324310691e-03       1.675608162642e+04 
       6.324727885770e-03       1.696612766390e+04 
       6.450262994410e-03       1.717234686976e+04 
       6.575922980917e-03       1.737476101692e+04 
       6.701701668089e-03       1.757340923374e+04 
       6.827593317558e-03       1.776832248329e+04 
       6.953592593934e-03       1.795952796447e+04 
       7.079694532347e-03       1.814705960730e+04 
       7.205894509032e-03       1.833095499815e+04 
       7.332188214640e-03       1.851123689044e+04 
       7.458571629993e-03       1.868794268997e+04 
       7.585041004032e-03       1.886112085630e+04 
       7.711592833741e-03       1.903079585060e+04 
       7.838223845844e-03       1.919699885346e+04 
       7.964930980103e-03       1.935977202515e+04 
       8.091711374065e-03       1.951914485137e+04 
       8.218562349108e-03       1.967514748567e+04 
       8.345481397668e-03       1.982783142053e+04 
       8.472466171538e-03       1.997722611270e+04 
       8.599514471129e-03       2.012336457348e+04 
       8.726624235617e-03       2.026627962091e+04 
       8.853793533883e-03       2.040600570452e+04 
       8.981020556183e-03       2.054257878553e+04 
       9.108303606476e-03       2.067603601796e+04 
       9.235641095358e-03       2.080640686870e+04 
       9.363031533546e-03       2.093372593739e+04 
       9.490473525858e-03       2.105803382430e+04 
       9.617965765666e-03       2.117935578931e+04 
       9.745507029754e-03       2.129772923378e+04 
       9.873096173575e-03       2.141318249867e+04 
       1.000073212685e-02       2.152575035017e+04 
       1.012841388951e-02       2.163546227720e+04 
       1.025614052789e-02       2.174235965592e+04 
       1.038391117130e-02       2.184646296755e+04 
       1.051172500869e-02       2.194780764262e+04 
       1.063958128571e-02       2.204642223340e+04 
       1.076747930189e-02       2.214234481550e+04 
       1.089541840805e-02       2.223559507635e+04 
       1.102339800384e-02       2.232622423401e+04 
       1.115141753559e-02       2.241424458176e+04 
       1.127947649411e-02       2.249969045890e+04 
       1.140757441287e-02       2.258259495958e+04 
       1.153571086608e-02       2.266298665484e+04 
       1.166388546710e-02       2.274089081350e+04 
       1.179209786682e-02       2.281634499315e+04 
       1.192034775225e-02       2.288936791511e+04 
       1.204863484515e-02       2.296000627424e+04 
       1.217695890075e-02       2.302826551514e+04 
       1.230531970662e-02       2.309419266381e+04 
       1.243371708159e-02       2.315780254810e+04 
       1.256215087468e-02       2.321913335031e+04 
       1.269062096425e-02       2.327821130688e+04 
       1.281912725706e-02       2.333506333628e+04 
       1.294766968750e-02       2.338971194896e+04 
       1.307624821684e-02       2.344218448868e+04 
       1.320486283255e-02       2.349250797279e+04 
       1.333351354764e-02       2.354072671432e+04 
       1.346220040011e-02       2.358684133012e+04 
       1.359092345237e-02       2.363089667624e+04 
       1.371968279078e-02       2.367290294854e+04 
       1.384847852519e-02       2.371289563774e+04 
       1.397731078851e-02       2.375089435827e+04 
       1.410617973637e-02       2.378692104951e+04 
       1.423508554675e-02       2.382100863388e+04 
       1.436402841968e-02       2.385317082672e+04 
       1.449300857698e-02       2.388344260102e+04 
       1.462202626204e-02       2.391183527854e+04 
       1.475108173955e-02       2.393838694711e+04 
       1.488017529536e-02       2.396311295626e+04 
       1.500930723634e-02       2.398603895844e+04 
       1.513847789019e-02       2.400718634041e+04 
       1.526768760540e-02       2.402657350444e+04 
       1.539693675113e-02       2.404421704895e+04 
       1.552622571718e-02       2.406016383265e+04 
       1.565555491392e-02       2.407442091969e+04 
       1.578492477232e-02       2.408701093229e+04 
       1.591433574391e-02       2.409795106844e+04 
       1.604378830085e-02       2.410727323841e+04 
       1.617328293598e-02       2.411498908928e+04 
       1.630282016285e-02       2.412112106081e+04 
       1.643240051584e-02       2.412569592008e+04 
       1.656202455025e-02       2.412872675336e+04 
       1.669169284244e-02       2.413025216996e+04 
       1.682140598996e-02       2.413027366700e+04 
       1.695116461170e-02       2.412881707167e+04 
       1.708096934809e-02       2.412590032631e+04 
       1.721082086129e-02       2.412155065358e+04 
       1.734071983538e-02       2.411577838971e+04 
       1.747066697662e-02       2.410861736067e+04 
       1.760066301365e-02       2.410006430784e+04 
       1.773070869782e-02       2.409018275850e+04 
       1.786080480340e-02       2.407894043292e+04 
       1.799095212791e-02       2.406637601145e+04 
       1.812115149242e-02       2.405252314047e+04 
       1.825140374190e-02       2.403739055857e+04 
       1.838170974552e-02       2.402098317040e+04 
       1.851207039707e-02       2.400333425566e+04 
       1.864248661528e-02       2.398446591194e+04 
       1.877295934427e-02       2.396437674012e+04 
       1.890348955390e-02       2.394312414249e+04 
       1.903407824027e-02       2.392068365701e+04 
       1.916472642612e-02       2.389708237109e+04 
       1.929543516130e-02       2.387237105815e+04 
       1.942620552327e-02       2.384653515443e+04 
       1.955703861759e-02       2.381962612501e+04 
       1.968793557844e-02       2.379157414341e+04 
       1.981889756916e-02       2.376250505507e+04 
       1.994992578282e-02       2.373239176388e+04 
       2.008102144278e-02       2.370123001918e+04 
       2.021218580327e-02       2.366906482415e+04 
       2.034342015008e-02       2.363590352965e+04 
       2.047472580112e-02       2.360176435802e+04 
       2.060610410711e-02       2.356666441977e+04 
       2.073755645227e-02       2.353064907021e+04 
       2.086908425501e-02       2.349366325699e+04 
       2.100068896869e-02       2.345578382306e+04 
       2.113237208231e-02       2.341700145410e+04 
       2.126413512134e-02       2.337734905811e+04 
       2.139597964849e-02       2.333680871115e+04 
       2.152790726456e-02       2.329541261847e+04 
       2.165991960924e-02       2.325323969892e+04 
       2.179201836206e-02       2.321020921882e+04 
       2.192420524323e-02       2.316641470471e+04 
       2.205648201461e-02       2.312178547734e+04 
       2.218885048067e-02       2.307636943092e+04 
       2.232131248947e-02       2.303025688347e+04 
       2.245386993368e-02       2.298336003595e+04 
       2.258652475167e-02       2.293576257640e+04 
       2.271927892855e-02       2.288743757840e+04 
       2.285213449734e-02       2.283840286619e+04 
       2.298509354008e-02       2.278865088107e+04 
       2.311815818909e-02       2.273830575156e+04 
       2.325133062813e-02       2.268725098539e+04 
       2.338461309371e-02       2.263556454455e+04 
       2.351800787642e-02       2.258325376561e+04 
       2.365151732223e-02       2.253032241543e+04 
       2.378514383393e-02       2.247677268031e+04 
       2.391888987255e-02       2.242263143558e+04 
       2.405275795885e-02       2.236793853381e+04 
       2.418675067485e-02       2.231260024912e+04 
       2.432087066544e-02       2.225680752118e+04 
       2.445512063996e-02       2.220041319388e+04 
       2.458950337394e-02       2.214349853279e+04 
       2.472402171081e-02       2.208606851327e+04 
       2.485867856373e-02       2.202812838569e+04 
       2.499347691741e-02       2.196971805948e+04 
       2.512841983005e-02       2.191081610153e+04 
       2.526351043535e-02       2.185146760408e+04 
       2.539875194450e-02       2.179162824939e+04 
       2.553414764837e-02       2.173135708269e+04 
       2.566970091962e-02       2.167062275510e+04 
       2.580541521505e-02       2.160954550614e+04 
       2.594129407789e-02       2.154799893260e+04 
       2.607734114022e-02       2.148602293130e+04 
       2.621356012552e-02       2.142374750135e+04 
       2.634995485120e-02       2.136100430541e+04 
       2.648652923136e-02       2.129788778220e+04 
       2.662328727951e-02       2.123447170762e+04 
       2.676023311146e-02       2.117070093873e+04 
       2.689737094833e-02       2.110654415540e+04 
       2.703470511960e-02       2.104215061151e+04 
       2.717224006633e-02       2.097729908972e+04 
       2.730998034448e-02       2.091231379529e+04 
       2.744793062832e-02       2.084691744998e+04 
       2.758609571403e-02       2.078127732918e+04 
       2.772448052338e-02       2.071533556637e+04 
       2.786309010755e-02       2.064916492957e+04 
       2.800192965113e-02       2.058264781779e+04 
       2.814100447626e-02       2.051592512619e+04 
       2.828032004687e-02       2.044893665273e+04 
       2.841988197319e-02       2.038176023784e+04 
       2.855969601637e-02       2.031434277452e+04 
       2.869976809324e-02       2.024679188064e+04 
       2.884010428136e-02       2.017896439965e+04 
       2.898071082421e-02       2.011088419381e+04 
       2.912159413656e-02       2.004261093304e+04 
       2.926276081014e-02       1.997420623460e+04 
       2.940421761945e-02       1.990564301652e+04 
       2.954597152789e-02       1.983683763855e+04 
       2.968802969409e-02       1.976791657472e+04 
       2.983039947850e-02       1.969883531978e+04 
       2.997308845033e-02       1.962962619767e+04 
       3.011610439466e-02       1.956024545687e+04 
       3.025945532001e-02       1.949075559279e+04 
       3.040314946606e-02       1.942112206952e+04 
       3.054719531190e-02       1.935138930338e+04 
       3.069160158444e-02       1.928151641241e+04 
       3.083637726740e-02       1.921152858801e+04 
       3.098153161050e-02       1.914145750212e+04 
       3.112707413922e-02       1.907135791695e+04 
       3.127301466494e-02       1.900109066215e+04 
       3.141936329553e-02       1.893071129659e+04 
       3.156613044649e-02       1.886029230022e+04 
       3.171332685251e-02       1.878988913108e+04 
       3.186096357971e-02       1.871936974840e+04 
       3.200905203838e-02       1.864870754414e+04 
       3.215760399632e-02       1.857803824404e+04 
       3.230663159286e-02       1.850725802623e+04 
       3.245614735359e-02       1.843654334533e+04 
       3.260616420580e-02       1.836576793192e+04 
       3.275669549466e-02       1.829483802846e+04 
       3.290775500026e-02       1.822402540161e+04 
       3.305935695551e-02       1.815307183709e+04 
       3.321151606496e-02       1.808215407548e+04 
       3.336424752462e-02       1.801121066398e+04 
       3.351756704277e-02       1.794022724884e+04 
       3.367149086197e-02       1.786928325120e+04 
       3.382603578214e-02       1.779825564009e+04 
       3.398121918500e-02       1.772727463227e+04 
       3.413705905979e-02       1.765629000832e+04 
       3.429357403045e-02       1.758524886688e+04 
       3.445078338432e-02       1.751434358882e+04 
       3.460870710242e-02       1.744327411746e+04 
       3.476736589159e-02       1.737230101038e+04 
       3.492678121839e-02       1.730138121724e+04 
       3.508697534499e-02       1.723038495301e+04 
       3.524797136730e-02       1.715945920179e+04 
       3.540979325529e-02       1.708853555234e+04 
       3.557246589580e-02       1.701756391235e+04 
       3.573601513798e-02       1.694668983178e+04 
       3.590046784161e-02       1.687582826881e+04 
       3.606585192839e-02       1.680498697005e+04 
       3.623219643657e-02       1.673418702141e+04 
       3.639953157909e-02       1.666336212165e+04 
       3.656788880553e-02       1.659261116261e+04 
       3.673730086822e-02       1.652181100412e+04 
       3.690780189266e-02       1.645112215846e+04 
       3.707942745293e-02       1.638043882997e+04 
       3.725221465215e-02       1.630973484264e+04 
       3.742620220863e-02       1.623911854602e+04 
       3.760143054811e-02       1.616851952055e+04 
       3.777794190271e-02       1.609790144300e+04 
       3.795578041694e-02       1.602736204691e+04 
       3.813499226170e-02       1.595680000137e+04 
       3.831562575673e-02       1.588626132237e+04 
       3.849773150244e-02       1.581571886074e+04 
       3.868136252186e-02       1.574524476122e+04 
       3.886657441379e-02       1.567478030144e+04 
       3.905342551805e-02       1.560434780953e+04 
       3.924197709414e-02       1.553389788028e+04 
       3.943229351450e-02       1.546338311069e+04 
       3.962444247397e-02       1.539299820581e+04 
       3.981849521686e-02       1.532256046203e+04 
       4.001452678366e-02       1.525212556582e+04 
       4.021261627926e-02       1.518168390537e+04 
       4.041284716511e-02       1.511121490078e+04 
       4.061530757769e-02       1.504071201505e+04 
       4.082009067636e-02       1.497023000279e+04 
       4.102729502380e-02       1.489970518063e+04 
       4.123702500263e-02       1.482916301987e+04 
       4.144939127250e-02       1.475853912189e+04 
       4.166451127236e-02       1.468790619972e+04 
       4.188250977327e-02       1.461723140683e+04 
       4.210351948791e-02       1.454644773099e+04 
       4.232768174388e-02       1.447562349767e+04 
       4.255514722875e-02       1.440471575829e+04 
       4.278607681614e-02       1.433370216560e+04 
       4.302064248357e-02       1.426260469465e+04 
       4.325902833422e-02       1.419141043978e+04 
       4.350143173693e-02       1.412007498844e+04 
       4.374806460096e-02       1.404860919500e+04 
       4.399915480466e-02       1.397697969280e+04 
       4.425494780059e-02       1.390520958776e+04 
       4.451570842331e-02       1.383325537840e+04 
       4.478172293074e-02       1.376111075668e+04 
       4.505330131553e-02       1.368871848189e+04 
       4.533077992949e-02       1.361614318015e+04 
       4.561452447205e-02       1.354329554992e+04 
       4.590493340393e-02       1.347017004747e+04 
       4.620244185842e-02       1.339674226196e+04 
       4.650752613794e-02       1.332296098721e+04 
       4.682070890098e-02       1.324884631024e+04 
       4.714256516682e-02       1.317435965528e+04 
       4.747372929278e-02       1.309945470075e+04 
       4.781490311273e-02       1.302406046671e+04 
       4.816686546827e-02       1.294817940298e+04 
       4.853048341720e-02       1.287172070589e+04 
       4.890672547123e-02       1.279475502493e+04 
       4.929667729976e-02       1.271706811658e+04 
       4.970156044428e-02       1.263864362705e+04 
       5.012275472504e-02       1.255949636704e+04 
       5.056182519591e-02       1.247944537594e+04 
       5.102055472626e-02       1.239843733176e+04 
       5.150098357150e-02       1.231633078271e+04 
       5.200545765374e-02       1.223305547854e+04 
       5.253668772564e-02       1.214839618654e+04 
       5.309782215064e-02       1.206222123164e+04 
       5.369253670800e-02       1.197431398411e+04 
       5.432514560648e-02       1.188437525251e+04 
       5.500073869735e-02       1.179211691349e+04 
       5.572535053306e-02       1.169706729731e+04 
       5.650616700490e-02       1.159876552339e+04 
       5.735177393356e-02       1.149649945855e+04 
       5.827244743787e-02       1.138934015591e+04 
       5.928047487878e-02       1.127607387479e+04 
       6.039047187448e-02       1.115506814643e+04 
       6.161961615577e-02       1.102405928271e+04 
       6.298764141780e-02       1.087995340880e+04 
       6.451631820039e-02       1.071860008163e+04 
       6.622802039452e-02       1.053454574762e+04 
       6.814294680548e-02       1.032100130547e+04 
       7.027488313563e-02       1.007041291472e+04 
       7.262631448128e-02       9.775817106524e+03 
       7.518500054889e-02       9.433110407346e+03 
       7.792453255354e-02       9.043614636927e+03 
       8.080953192869e-02       8.615493836709e+03 
       8.380305781398e-02       8.163186386942e+03 
       8.687262437660e-02       7.704942632165e+03 
       8.999298106589e-02       7.259567752698e+03 
       9.314613105415e-02       6.843625716817e+03 
       9.631997819894e-02       6.469566036591e+03 
       9.950669828673e-02       6.144919111567e+03 
       1.027013524667e-01       5.872319859816e+03 
       1.059008704186e-01       5.650101471892e+03 
       1.091033612660e-01       5.473116633320e+03 
       1.123076671065e-01       5.333610169761e+03 
       1.155130812633e-01       5.222167738977e+03 
       1.187191732528e-01       5.128576628606e+03 
       1.219256810699e-01       5.042687066124e+03 
       1.251324452732e-01       4.955400447535e+03 
       1.283393687880e-01       4.859347920638e+03 
       1.315463924411e-01       4.749568811005e+03 
       1.347534800907e-01       4.623906692968e+03 
       1.379606095922e-01       4.482901832077e+03 
       1.411677673125e-01       4.329465233494e+03 
       1.443749447992e-01       4.168221399589e+03 
       1.475821367581e-01       4.004721701234e+03 
       1.507893398244e-01       3.844651675355e+03 
       1.539965518158e-01       3.693171066440e+03 
       1.572037712787e-01       3.554382105700e+03 
       1.604109972114e-01       3.431076685139e+03 
       1.636182288956e-01       3.324598439765e+03 
       1.668254657928e-01       3.234935364607e+03 
       1.700327074816e-01       3.160866310647e+03 
       1.732399536180e-01       3.100206091669e+03 
       1.764472039116e-01       3.050091265390e+03 
       1.796544581098e-01       3.007260803567e+03 
       1.828617159884e-01       2.968706537805e+03 
       1.860689773453e-01       2.931299768616e+03 
       1.892762419957e-01       2.891803824634e+03 
       1.924835097700e-01       2.848086343999e+03 
       1.956907805109e-01       2.798882021168e+03 
       1.988980540725e-01       2.743882610669e+03 
       2.021053303184e-01       2.683664170731e+03 
       2.053126091214e-01       2.619484638907e+03 
       2.085198903623e-01       2.553079072743e+03 
       2.117271739293e-01       2.486325636977e+03 
       2.149344597173e-01       2.421049523595e+03 
       2.181417476276e-01       2.358824489960e+03 
       2.213490375673e-01       2.300897063566e+03 
       2.245563294488e-01       2.248108117750e+03 
       2.277636231894e-01       2.200901849653e+03 
       2.309709187111e-01       2.159320208357e+03 
       2.341782159403e-01       2.123028054479e+03 
       2.373855148072e-01       2.091354918018e+03 
       2.405928152460e-01       2.063383862022e+03 
       2.438001171942e-01       2.038045462964e+03 
       2.470074205927e-01       2.014231072029e+03 
       2.502147253852e-01       1.990905010384e+03 
       2.534220315186e-01       1.967183097512e+03 
       2.566293389423e-01       1.942411988214e+03 
       2.598366476081e-01       1.916188681391e+03 
       2.630439574705e-01       1.888350011826e+03 
       2.662512684857e-01       1.858995626504e+03 
       2.694585806126e-01       1.828415942497e+03 
       2.726658938116e-01       1.797067912036e+03 
       2.758732080450e-01       1.765534105090e+03 
       2.790805232771e-01       1.734417566524e+03 
       2.822878394736e-01       1.704288933663e+03 
       2.854951566018e-01       1.675625851217e+03 
       2.887024746305e-01       1.648762741029e+03 
       2.919097935298e-01       1.623873125521e+03 
       2.951171132713e-01       1.600976120515e+03 
       2.983244338275e-01       1.579961960646e+03 
       3.015317551724e-01       1.560621860680e+03 
       3.047390772809e-01       1.542681624207e+03 
       3.079464001291e-01       1.525816494903e+03 
       3.111537236940e-01       1.509693444788e+03 
       3.143610479534e-01       1.493981570864e+03 
       3.175683728863e-01       1.478383419961e+03 
       3.207756984724e-01       1.462660865400e+03 
       3.239830246921e-01       1.446648888156e+03 
       3.271903515268e-01       1.430277827357e+03 
       3.303976789584e-01       1.413559095916e+03 
       3.336050069697e-01       1.396575651629e+03 
       3.368123355440e-01       1.379461922416e+03 
       3.400196646652e-01       1.362375367463e+03 
       3.432269943181e-01       1.345484320306e+03 
       3.464343244877e-01       1.328944970844e+03 
       3.496416551598e-01       1.312898006375e+03 
       3.528489863206e-01       1.297454265765e+03 
       3.560563179569e-01       1.282698968032e+03 
       3.592636500558e-01       1.268665309791e+03 
       3.624709826051e-01       1.255348617242e+03 
       3.656783155927e-01       1.242698739098e+03 
       3.688856490073e-01       1.230630869264e+03 
       3.720929828377e-01       1.219041081288e+03 
       3.753003170733e-01       1.207815899547e+03 
       3.785076517037e-01       1.196851275522e+03 
       3.817149867189e-01       1.186056384074e+03 
       3.849223221092e-01       1.175360648672e+03 
       3.881296578653e-01       1.164715343054e+03 
       3.913369939782e-01       1.154084336656e+03 
       3.945443304391e-01       1.143456350153e+03 
       3.977516672397e-01       1.132836162398e+03 
       4.009590043716e-01       1.122248161159e+03 
       4.041663418270e-01       1.111728931189e+03 
       4.073736795983e-01       1.101327126322e+03 
       4.105810176779e-01       1.091090672395e+03 
       4.137883560587e-01       1.081064044451e+03 
       4.169956947337e-01       1.071277984747e+03 
       4.202030336961e-01       1.061751798712e+03 
       4.234103729395e-01       1.052494683574e+03 
       4.266177124574e-01       1.043507116982e+03 
       4.298250522436e-01       1.034784344043e+03 
       4.330323922922e-01       1.026314723497e+03 
       4.362397325974e-01       1.018078942414e+03 
       4.394470731535e-01       1.010052523827e+03 
       4.426544139551e-01       1.002207879330e+03 
       4.458617549968e-01       9.945107509958e+02 
       4.490690962734e-01       9.869337894180e+02 
       4.522764377801e-01       9.794495557250e+02 
       4.554837795118e-01       9.720425026909e+02 
       4.586911214639e-01       9.647043246631e+02 
       4.618984636317e-01       9.574279510868e+02 
       4.651058060108e-01       9.502179475875e+02 
       4.683131485968e-01       9.430771419850e+02 
       4.715204913854e-01       9.360108635084e+02 
       4.747278343726e-01       9.290297846444e+02 
       4.779351775543e-01       9.221446195710e+02 
       4.811425209267e-01       9.153681738162e+02 
       4.843498644859e-01       9.087124017499e+02 
       4.875572082283e-01       9.021902216066e+02 
       4.907645521501e-01       8.958038165991e+02 
       4.939718962481e-01       8.895522969375e+02 
       4.971792405186e-01       8.834326668127e+02 
       5.003865849583e-01       8.774350568048e+02 
       5.035939295642e-01       8.715488969173e+02 
       5.068012743329e-01       8.657659440774e+02 
       5.100086192613e-01       8.600759860617e+02 
       5.132159643466e-01       8.544718391129e+02 
       5.164233095857e-01       8.489436035844e+02 
       5.196306549758e-01       8.434844138448e+02 
       5.228380005141e-01       8.380870629354e+02 
       5.260453461980e-01       8.327468022514e+02 
       5.490483711545e-01       7.962257717363e+02 
       5.743822630637e-01       7.600614782749e+02 
       6.026876239886e-01       7.238335043621e+02 
       6.349160385563e-01       6.868238453342e+02 
       6.725562364060e-01       6.486137489446e+02 
       7.180912297999e-01       6.080819192409e+02 
       7.759984573999e-01       5.637045720899e+02 
       8.550930417457e-01       5.128656344733e+02 
       9.738528790063e-01       4.514889024931e+02 
       1.166183885073e+00       3.763855512760e+02 
       1.455263445865e+00       2.961074341062e+02 
       1.831487980693e+00       2.242134198074e+02 
       2.305701217882e+00       1.635764321897e+02 
       2.902705846077e+00       1.148645888837e+02 
       3.654290152589e+00       7.788456433018e+01 
       4.600478735163e+00       5.125032963057e+01 
       5.791659586115e+00       3.290289752943e+01 
       7.291267429422e+00       2.071253976546e+01 
       9.179161851086e+00       1.284056346118e+01 
       1.155588011330e+01       7.867704856400e+00 
       1.454799113029e+01       4.778249002935e+00 
       1.831483572447e+01       2.882776302569e+00 
       2.305701210637e+01       1.730651965320e+00 
       2.902705846076e+01       1.035186773949e+00 
       3.654290152589e+01       6.175204272528e-01 
